3844.690473020841	8.0
3845.055224284984	7.0
3845.4199630223575	7.0
3845.784689229299	4.0
3846.1494029021487	6.0
3846.5141040372437	4.0
3846.8787926309224	2.0
3847.243468679525	2.0
3847.608132179388	1.0
3847.97278312685	2.0
3848.3374215182507	1.0
3848.702047349928	3.0
3849.06666061822	5.0
3849.431261319465	17.0
3849.795849450003	29.0
3850.1604250061714	32.0
3850.5249879843086	33.0
3850.8895383807526	34.0
3851.2540761918426	30.0
3851.618601413917	26.0
3851.9831140433143	10.0
3852.347614076373	3.0
3852.712101509431	1.0
3853.076576338828	3.0
3853.4410385609012	2.0
3853.80548817199	2.0
3854.1699251684317	2.0
3854.534349546566	3.0
3854.8987613027307	3.0
3855.263160433264	3.0
3855.6275469345055	2.0
3855.991920802794	2.0
3856.356282034466	3.0
3856.7206306258604	3.0
3857.0849665733167	2.0
3857.4492898731733	1.0
3857.8136005217675	4.0
3858.177898515439	2.0
3858.542183850526	1.0
3858.9064565233666	3.0
3859.2707165303004	2.0
3859.634963867664	3.0
3859.999198531797	1.0
3860.363420519038	4.0
3860.7276298257248	3.0
3861.091826448196	1.0
3861.4560103827907	1.0
3861.820181625847	2.0
3862.184340173704	3.0
3862.5484860226993	1.0
3862.912619169171	1.0
3863.2767396094587	2.0
3863.6408473399	0.0
3864.0049423568344	2.0
3864.369024656599	2.0
3864.7330942355334	3.0
3865.0971510899763	2.0
3865.461195216265	1.0
3865.8252266107384	3.0
3866.189245269735	4.0
3866.5532511895935	2.0
3866.917244366652	2.0
3867.2812247972497	8.0
3867.6451924777243	22.0
3868.009147404415	26.0
3868.37308957366	21.0
3868.737018981797	24.0
3869.100935625165	25.0
3869.464839500103	20.0
3869.828730602949	14.0
3870.1926089300414	4.0
3870.556474477719	2.0
3870.9203272423197	2.0
3871.2841672201835	4.0
3871.6479944076464	5.0
3872.0118088010486	4.0
3872.375610396728	4.0
3872.7393991910235	4.0
3873.1031751802734	4.0
3873.4669383608157	4.0
3873.8306887289896	3.0
3874.194426281134	3.0
3874.5581510135858	5.0
3874.9218629226843	4.0
3875.2855620047676	5.0
3875.649248256175	7.0
3876.0129216732444	7.0
3876.3765822523146	5.0
3876.740229989723	2.0
3877.1038648818108	0.0
3877.4674869249134	3.0
3877.8310961153707	1.0
3878.1946924495205	1.0
3878.5582759237022	1.0
3878.9218465342533	2.0
3879.2854042775134	3.0
3879.6489491498196	4.0
3880.0124811475116	4.0
3880.3760002669287	4.0
3880.7395065044066	5.0
3881.1029998562854	4.0
3881.4664803189035	3.0
3881.8299478885992	2.0
3882.193402561711	1.0
3882.5568443345783	1.0
3882.920273203538	1.0
3883.2836891649304	2.0
3883.6470922150916	4.0
3884.0104823503616	2.0
3884.3738595670784	1.0
3884.7372238615812	1.0
3885.1005752302076	0.0
3885.4639136692967	0.0
3885.8272391751866	4.0
3886.190551744217	2.0
3886.5538513727242	2.0
3886.917138057048	2.0
3887.280411793526	1.0
3887.643672578498	1.0
3888.006920408301	3.0
3888.370155279275	2.0
3888.7333771877575	1.0
3889.096586130088	2.0
3889.459782102603	2.0
3889.8229651016427	3.0
3890.186135123545	2.0
3890.549292164648	5.0
3890.9124362212906	6.0
3891.2755672898115	12.0
3891.638685366549	11.0
3892.001790447841	13.0
3892.364882530028	11.0
3892.7279616094456	11.0
3893.0910276824334	8.0
3893.454080745331	4.0
3893.817120794475	5.0
3894.1801478262055	4.0
3894.5431618368602	5.0
3894.9061628227773	6.0
3895.269150780297	4.0
3895.6321257057552	3.0
3895.995087595492	4.0
3896.358036445845	2.0
3896.7209722531534	2.0
3897.0838950137554	3.0
3897.4468047239898	4.0
3897.8097013801944	3.0
3898.172584978709	2.0
3898.5354555158706	1.0
3898.898312988018	2.0
3899.2611573914896	4.0
3899.6239887226243	4.0
3899.986806977761	3.0
3900.349612153237	3.0
3900.7124042453916	4.0
3901.075183250563	3.0
3901.4379491650902	3.0
3901.8007019853108	3.0
3902.163441707564	3.0
3902.5261683281874	2.0
3902.88888184352	1.0
3903.251582249901	2.0
3903.6142695436674	4.0
3903.9769437211585	2.0
3904.339604778714	3.0
3904.70225271267	1.0
3905.064887519366	1.0
3905.427509195141	1.0
3905.7901177363324	4.0
3906.1527131392795	4.0
3906.5152954003206	4.0
3906.8778645157945	4.0
3907.2404204820396	2.0
3907.6029632953937	5.0
3907.9654929521953	2.0
3908.3280094487836	4.0
3908.6905127814966	2.0
3909.0530029466727	3.0
3909.415479940651	2.0
3909.777943759769	4.0
3910.140394400367	4.0
3910.502831858781	4.0
3910.865256131351	4.0
3911.2276672144153	4.0
3911.5900651043116	5.0
3911.9524497973794	3.0
3912.3148212899564	4.0
3912.677179578382	4.0
3913.0395246589937	4.0
3913.4018565281312	2.0
3913.7641751821316	2.0
3914.126480617334	4.0
3914.4887728300764	4.0
3914.8510518166977	5.0
3915.2133175735366	6.0
3915.575570096931	7.0
3915.93780938322	5.0
3916.3000354287433	2.0
3916.662248229836	4.0
3917.0244477828387	4.0
3917.3866340840896	4.0
3917.7488071299276	2.0
3918.1109669166904	3.0
3918.4731134407166	4.0
3918.835246698345	4.0
3919.1973666859153	4.0
3919.559473399763	3.0
3919.921566836229	5.0
3920.2836469916506	4.0
3920.645713862367	4.0
3921.007767444716	4.0
3921.3698077350364	4.0
3921.731834729667	5.0
3922.093848424946	4.0
3922.4558488172124	5.0
3922.8178359028034	5.0
3923.179809678058	5.0
3923.5417701393153	5.0
3923.903717282913	5.0
3924.26565110519	7.0
3924.6275716024847	19.0
3924.9894787711355	31.0
3925.351372607482	37.0
3925.713253107861	33.0
3926.075120268611	35.0
3926.436974086071	36.0
3926.79881455658	30.0
3927.160641676476	19.0
3927.5224554420975	20.0
3927.8842558497827	29.0
3928.246042895871	34.0
3928.6078165767	31.0
3928.969576888608	31.0
3929.3313238279343	33.0
3929.6930573910163	25.0
3930.0547775741934	15.0
3930.416484373804	7.0
3930.778177786186	8.0
3931.139857807679	11.0
3931.5015244346205	14.0
3931.8631776633483	20.0
3932.2248174902024	20.0
3932.5864439115203	20.0
3932.948056923641	19.0
3933.309656522903	18.0
3933.671242705644	17.0
3934.0328154682034	8.0
3934.39437480692	4.0
3934.755920718131	5.0
3935.117453198175	5.0
3935.4789722433916	4.0
3935.840477850118	5.0
3936.2019700146934	6.0
3936.5634487334564	6.0
3936.924914002745	6.0
3937.286365818899	5.0
3937.647804178255	5.0
3938.0092290771518	5.0
3938.3706405119283	5.0
3938.732038478923	6.0
3939.093422974475	2.0
3939.4547939949216	5.0
3939.816151536602	6.0
3940.1774955958554	6.0
3940.538826169018	6.0
3940.90014325243	5.0
3941.26144684243	7.0
3941.6227369353555	8.0
3941.9840135275454	7.0
3942.345276615338	6.0
3942.706526195073	15.0
3943.067762263087	37.0
3943.4289848157205	53.0
3943.79019384931	55.0
3944.151389360195	53.0
3944.5125713447133	58.0
3944.8737397992045	63.0
3945.234894720006	74.0
3945.5960361034568	56.0
3945.9571639458954	56.0
3946.3182782436606	53.0
3946.6793789930903	60.0
3947.0404661905227	59.0
3947.4015398322967	44.0
3947.7625999147504	38.0
3948.1236464342232	58.0
3948.484679387053	65.0
3948.845698769578	61.0
3949.2067045781378	58.0
3949.5676968090693	55.0
3949.928675458712	52.0
3950.2896405234032	31.0
3950.650591999483	13.0
3951.011529883289	6.0
3951.37245417116	6.0
3951.733364859434	7.0
3952.0942619444504	9.0
3952.4551454225466	9.0
3952.8160152900614	9.0
3953.176871543333	8.0
3953.5377141787008	9.0
3953.898543192502	7.0
3954.2593585810764	6.0
3954.6201603407617	4.0
3954.9809484678967	5.0
3955.3417229588204	6.0
3955.70248380987	4.0
3956.063231017384	6.0
3956.423964577702	6.0
3956.784684487162	4.0
3957.145390742102	6.0
3957.506083338861	7.0
3957.8667622737776	7.0
3958.2274275431905	6.0
3958.588079143437	7.0
3958.948717070856	6.0
3959.3093413217866	9.0
3959.669951892567	8.0
3960.0305487795354	14.0
3960.3911319790304	39.0
3960.7517014873906	85.0
3961.112257300955	98.0
3961.472799416061	94.0
3961.8333278290474	96.0
3962.193842536253	93.0
3962.554343534016	76.0
3962.914830818675	41.0
3963.2753043865687	14.0
3963.635764234035	9.0
3963.9962103574126	9.0
3964.3566427530413	6.0
3964.7170614172574	6.0
3965.0774663464003	6.0
3965.437857536808	7.0
3965.7982349848203	7.0
3966.1585986867744	5.0
3966.5189486390095	7.0
3966.8792848378635	5.0
3967.2396072796764	8.0
3967.5999159607845	13.0
3967.960210877527	14.0
3968.320492026243	14.0
3968.68075940327	16.0
3969.041013004947	13.0
3969.4012528276135	13.0
3969.761478867606	10.0
3970.1216911212655	8.0
3970.4818895849276	4.0
3970.8420742549324	4.0
3971.202245127618	5.0
3971.562402199323	4.0
3971.922545466386	4.0
3972.2826749251453	5.0
3972.6427905719393	6.0
3973.002892403107	7.0
3973.3629804149864	10.0
3973.7230546039154	15.0
3974.083114966233	19.0
3974.443161498278	21.0
3974.803194196389	19.0
3975.1632130569037	19.0
3975.5232180761614	18.0
3975.8832092505	10.0
3976.2431865762587	7.0
3976.6031500497747	5.0
3976.9630996673873	5.0
3977.3230354254347	5.0
3977.682957320256	5.0
3978.0428653481886	7.0
3978.402759505572	15.0
3978.762639788744	20.0
3979.1225061940445	23.0
3979.4823587178093	20.0
3979.842197356379	19.0
3980.202022106091	19.0
3980.561832963285	16.0
3980.921629924298	7.0
3981.2814129854696	5.0
3981.6411821431375	3.0
3982.000937393642	4.0
3982.3606787333183	6.0
3982.7204061585076	4.0
3983.080119665547	4.0
3983.439819250775	5.0
3983.799504910531	4.0
3984.1591766411534	4.0
3984.51883443898	4.0
3984.878478300349	3.0
3985.2381082216007	4.0
3985.5977241990713	4.0
3985.9573262291005	4.0
3986.3169143080263	5.0
3986.6764884321874	4.0
3987.036048597922	6.0
3987.395594801569	8.0
3987.755127039467	6.0
3988.114645307955	7.0
3988.47414960337	5.0
3988.8336399220507	5.0
3989.193116260336	4.0
3989.5525786145645	5.0
3989.9120269810746	4.0
3990.2714613562052	4.0
3990.6308817362938	5.0
3990.9902881176804	6.0
3991.3496804967017	9.0
3991.7090588696965	9.0
3992.068423233004	9.0
3992.427773582963	10.0
3992.78710991591	8.0
3993.146432228186	9.0
3993.505740516128	10.0
3993.865034776076	29.0
3994.2243150043655	42.0
3994.5835811973375	46.0
3994.942833351329	44.0
3995.30207146268	42.0
3995.661295527728	41.0
3996.0205055428114	31.0
3996.3797015042687	11.0
3996.7388834084386	7.0
3997.0980512516608	6.0
3997.457205030272	6.0
3997.8163447406105	4.0
3998.1754703790157	6.0
3998.5345819418258	7.0
3998.8936794253796	6.0
3999.252762826015	7.0
3999.611832140071	6.0
3999.9708873638865	7.0
4000.3299284937984	5.0
4000.6889555261464	5.0
4001.0479684572683	6.0
4001.4069672835035	4.0
4001.7659520011894	4.0
4002.124922606665	6.0
4002.4838790962694	5.0
4002.842821466341	4.0
4003.2017497132165	5.0
4003.560663833236	5.0
4003.9195638227375	4.0
4004.2784496780596	6.0
4004.6373213955403	6.0
4004.996178971519	7.0
4005.3550224023334	7.0
4005.7138516843224	6.0
4006.072666813825	6.0
4006.4314677871785	6.0
4006.7902546007217	5.0
4007.149027250793	5.0
4007.507785733731	4.0
4007.8665300458747	4.0
4008.225260183562	5.0
4008.5839761431316	5.0
4008.942677920923	4.0
4009.3013655132727	3.0
4009.6600389165196	3.0
4010.0186981270026	5.0
4010.377343141061	6.0
4010.7359739550316	6.0
4011.0945905652543	7.0
4011.453192968067	1.0
4011.811781159809	6.0
4012.170355136817	6.0
4012.5289148954307	9.0
4012.887460431988	19.0
4013.2459917428278	25.0
4013.6045088242886	29.0
4013.963011672709	27.0
4014.3215002844267	25.0
4014.6799746557817	26.0
4015.038434783111	20.0
4015.396880662753	10.0
4015.755312291047	7.0
4016.1137296643315	7.0
4016.472132778945	6.0
4016.8305216312247	7.0
4017.1888962175103	5.0
4017.54725653414	5.0
4017.9056025774535	5.0
4018.263934343787	6.0
4018.62225182948	5.0
4018.9805550308706	6.0
4019.3388439442983	7.0
4019.6971185661005	7.0
4020.0553788926163	8.0
4020.413624920184	7.0
4020.771856645143	8.0
4021.13007406383	5.0
4021.4882771725843	6.0
4021.8464659677443	4.0
4022.2046404456487	8.0
4022.5628006026354	6.0
4022.920946435044	8.0
4023.2790779392117	6.0
4023.637195111479	6.0
4023.995297948182	6.0
4024.3533864456595	5.0
4024.711460600251	5.0
4025.0695204082945	5.0
4025.4275658661286	6.0
4025.785596970092	5.0
4026.1436137165224	5.0
4026.501616101759	6.0
4026.859604122141	6.0
4027.217577774005	7.0
4027.57553705369	6.0
4027.933481957535	5.0
4028.2914124818785	7.0
4028.649328623059	6.0
4029.0072303774145	6.0
4029.365117741284	8.0
4029.7229907110063	9.0
4030.0808492829187	8.0
4030.4386934533604	8.0
4030.7965232186693	11.0
4031.1543385751847	11.0
4031.5121395192446	12.0
4031.8699260471876	9.0
4032.227698155352	10.0
4032.5854558400774	15.0
4032.9431990977005	23.0
4033.3009279245603	25.0
4033.6586423169956	27.0
4034.0163422713454	26.0
4034.374027783947	30.0
4034.7316988511398	34.0
4035.0893554692616	33.0
4035.4469976346522	22.0
4035.8046253436487	24.0
4036.1622385925893	19.0
4036.5198373778135	17.0
4036.8774216956595	11.0
4037.2349915424657	10.0
4037.5925469145704	11.0
4037.950087808312	9.0
4038.30761422003	11.0
4038.6651261460624	10.0
4039.0226235827467	10.0
4039.3801065264215	13.0
4039.7375749734265	8.0
4040.095028920099	11.0
4040.4524683627783	11.0
4040.809893297803	10.0
4041.16730372151	15.0
4041.5246996302403	21.0
4041.88208102033	50.0
4042.239447888119	78.0
4042.596800229945	85.0
4042.9541380421465	90.0
4043.311461321063	119.0
4043.6687700630314	146.0
4044.0260642643916	147.0
4044.383343921482	113.0
4044.74060903064	102.0
4045.0978595882043	101.0
4045.455095590514	86.0
4045.812317033907	52.0
4046.169523914722	27.0
4046.526716229298	20.0
4046.8838939739726	20.0
4047.2410571450846	15.0
4047.598205738974	12.0
4047.9553397519767	12.0
4048.312459180432	11.0
4048.669564020679	11.0
4049.0266542690556	11.0
4049.383729921901	9.0
4049.7407909755525	10.0
4050.09783742635	11.0
4050.4548692706317	12.0
4050.811886504735	16.0
4051.1688891249987	18.0
4051.5258771277618	26.0
4051.8828505093625	68.0
4052.2398092661388	109.0
4052.5967533944304	117.0
4052.953682890575	114.0
4053.3105977509117	115.0
4053.6674979717777	112.0
4054.024383549512	98.0
4054.3812544804537	47.0
4054.738110760941	21.0
4055.0949523873114	17.0
4055.451779355905	14.0
4055.808591663059	11.0
4056.1653893051134	11.0
4056.5221722784045	8.0
4056.8789405792722	8.0
4057.2356942040547	9.0
4057.59243314909	9.0
4057.9491574107174	8.0
4058.305866985275	8.0
4058.662561869101	7.0
4059.019242058534	7.0
4059.375907549914	7.0
4059.732558339577	8.0
4060.0891944238624	9.0
4060.445815799109	7.0
4060.802422461655	7.0
4061.159014407839	7.0
4061.515591634	8.0
4061.8721541364753	8.0
4062.228701911605	9.0
4062.585234955726	10.0
4062.941753265177	10.0
4063.298256836297	10.0
4063.654745665424	10.0
4064.011219748897	9.0
4064.367679083054	9.0
4064.7241236642344	8.0
4065.0805534887763	8.0
4065.4369685530173	10.0
4065.7933688532967	8.0
4066.1497543859523	9.0
4066.506125147323	10.0
4066.862481133747	8.0
4067.2188223415637	9.0
4067.5751487671105	9.0
4067.9314604067263	11.0
4068.287757256751	10.0
4068.64403931352	13.0
4069.000306573374	13.0
4069.3565590326507	13.0
4069.7127966876888	18.0
4070.0690195348266	21.0
4070.4252275704025	28.0
4070.781420790756	69.0
4071.137599192225	167.0
4071.493762771147	222.0
4071.849911523861	235.0
4072.206045446706	234.0
4072.56216453602	236.0
4072.918268788142	213.0
4073.2743581994096	148.0
4073.6304327661624	61.0
4073.9864924847384	28.0
4074.3425373514756	19.0
4074.6985673627128	16.0
4075.0545825147883	18.0
4075.4105828040406	18.0
4075.766568226809	27.0
4076.1225387794307	31.0
4076.4784944582448	36.0
4076.834435259591	35.0
4077.190361179805	42.0
4077.5462722152274	37.0
4077.902168362196	29.0
4078.2580496170494	25.0
4078.613915976126	32.0
4078.969767435764	38.0
4079.3256039923026	47.0
4079.6814256420794	66.0
4080.0372323814345	84.0
4080.3930242067045	86.0
4080.7488011142286	82.0
4081.104563100345	71.0
4081.460310161392	68.0
4081.8160422937094	63.0
4082.1717594936345	37.0
4082.5274617575055	27.0
4082.883149081663	25.0
4083.2388214624425	25.0
4083.5944788961842	19.0
4083.950121379226	10.0
4084.305748907907	11.0
4084.661361478565	9.0
4085.016959087539	8.0
4085.372541731167	9.0
4085.7281094057885	7.0
4086.0836621077406	8.0
4086.439199833362	9.0
4086.794722578992	8.0
4087.150230340969	9.0
4087.50572311563	7.0
4087.861200899315	9.0
4088.2166636883626	9.0
4088.57211147911	10.0
4088.9275442678977	8.0
4089.2829620510615	9.0
4089.6383648249416	8.0
4089.9937525858763	6.0
4090.3491253302036	8.0
4090.7044830542623	7.0
4091.059825754391	7.0
4091.4151534269276	6.0
4091.7704660682125	8.0
4092.1257636745813	9.0
4092.481046242374	7.0
4092.836313767929	7.0
4093.1915662475844	8.0
4093.5468036776792	7.0
4093.9020260545517	6.0
4094.25723337454	9.0
4094.612425633984	7.0
4094.96760282922	8.0
4095.322764956588	6.0
4095.6779120124256	9.0
4096.033043993071	13.0
4096.388160894865	20.0
4096.743262714143	20.0
4097.098349447246	19.0
4097.453421090511	20.0
4097.808477640277	20.0
4098.163519092882	18.0
4098.518545444665	15.0
4098.873556691964	12.0
4099.228552831118	10.0
4099.583533858465	11.0
4099.938499770344	12.0
4100.293450563092	12.0
4100.648386233051	11.0
4101.003306776555	10.0
4101.358212189945	9.0
4101.71310246956	13.0
4102.067977611737	14.0
4102.422837612815	19.0
4102.777682469132	56.0
4103.132512177028	104.0
4103.48732673284	112.0
4103.842126132907	110.0
4104.196910373567	112.0
4104.551679451159	108.0
4104.906433362022	94.0
4105.261172102492	48.0
4105.6158956689105	21.0
4105.970604057615	15.0
4106.325297264944	11.0
4106.679975287236	11.0
4107.034638120828	10.0
4107.38928576206	12.0
4107.74391820727	9.0
4108.098535452797	7.0
4108.453137494979	8.0
4108.807724330154	8.0
4109.162295954662	7.0
4109.516852364841	9.0
4109.871393557028	7.0
4110.225919527562	5.0
4110.580430272782	10.0
4110.934925789027	8.0
4111.289406072635	8.0
4111.6438711199435	10.0
4111.998320927292	12.0
4112.352755491021	13.0
4112.707174807464	12.0
4113.061578872964	15.0
4113.415967683856	14.0
4113.770341236482	13.0
4114.124699527178	11.0
4114.479042552282	9.0
4114.833370308134	8.0
4115.187682791075	9.0
4115.541979997437	9.0
4115.8962619235635	9.0
4116.250528565792	9.0
4116.604779920459	8.0
4116.959015983905	8.0
4117.313236752469	11.0
4117.667442222487	11.0
4118.0216323903005	10.0
4118.375807252246	6.0
4118.729966804662	8.0
4119.084111043887	7.0
4119.438239966259	9.0
4119.792353568118	10.0
4120.146451845802	8.0
4120.500534795649	8.0
4120.854602413998	10.0
4121.208654697188	7.0
4121.562691641556	9.0
4121.91671324344	8.0
4122.270719499181	8.0
4122.6247104051145	9.0
4122.978685957582	8.0
4123.33264615292	10.0
4123.686590987467	11.0
4124.040520457564	10.0
4124.3944345595455	8.0
4124.748333289752	10.0
4125.102216644522	8.0
4125.456084620194	10.0
4125.809937213106	10.0
4126.163774419597	11.0
4126.517596236005	8.0
4126.87140265867	12.0
4127.225193683929	12.0
4127.57896930812	15.0
4127.9327295275825	15.0
4128.286474338654	18.0
4128.640203737674	19.0
4128.993917720981	22.0
4129.347616284913	27.0
4129.7012994258075	27.0
4130.054967140006	36.0
4130.408619423843	77.0
4130.762256273661	213.0
4131.115877685795	286.0
4131.469483656585	299.0
4131.82307418237	295.0
4132.176649259487	301.0
4132.530208884275	283.0
4132.883753053075	217.0
4133.237281762222	73.0
4133.5907950080555	28.0
4133.944292786915	22.0
4134.297775095138	18.0
4134.651241929062	15.0
4135.004693285027	15.0
4135.358129159373	15.0
4135.711549548436	13.0
4136.064954448554	14.0
4136.418343856067	13.0
4136.771717767313	10.0
4137.1250761786305	12.0
4137.4784190863575	12.0
4137.831746486833	11.0
4138.185058376396	11.0
4138.538354751386	11.0
4138.891635608138	11.0
4139.244900942992	9.0
4139.598150752287	10.0
4139.951385032363	10.0
4140.304603779555	9.0
4140.657806990203	10.0
4141.010994660647	10.0
4141.364166787223	10.0
4141.717323366273	12.0
4142.070464394132	10.0
4142.423589867139	10.0
4142.776699781633	11.0
4143.129794133953	10.0
4143.482872920436	9.0
4143.835936137423	11.0
4144.1889837812505	12.0
4144.542015848258	12.0
4144.8950323347835	11.0
4145.248033237165	12.0
4145.601018551741	11.0
4145.95398827485	10.0
4146.306942402832	12.0
4146.659880932024	12.0
4147.0128038587645	13.0
4147.365711179393	13.0
4147.718602890247	13.0
4148.071478987665	12.0
4148.424339467985	12.0
4148.777184327547	13.0
4149.130013562688	13.0
4149.482827169747	14.0
4149.835625145063	12.0
4150.188407484975	13.0
4150.541174185821	11.0
4150.893925243937	13.0
4151.246660655664	13.0
4151.59938041734	15.0
4151.952084525304	11.0
4152.304772975894	14.0
4152.657445765447	18.0
4153.010102890304	15.0
4153.362744346803	16.0
4153.715370131281	18.0
4154.067980240077	18.0
4154.42057466953	19.0
4154.773153415978	21.0
4155.12571647576	30.0
4155.478263845214	39.0
4155.830795520679	40.0
4156.183311498494	43.0
4156.535811774996	52.0
4156.888296346523	68.0
4157.240765209415	147.0
4157.593218360011	429.0
4157.945655794647	622.0
4158.298077509664	644.0
4158.650483501399	643.0
4159.002873766192	648.0
4159.35524830038	609.0
4159.707607100301	477.0
4160.059950162295	168.0
4160.412277482699	61.0
4160.764589057853	43.0
4161.116884884095	32.0
4161.469164957763	30.0
4161.821429275195	28.0
4162.173677832732	26.0
4162.525910626709	26.0
4162.878127653467	36.0
4163.230328909343	75.0
4163.582514390677	96.0
4163.934684093806	97.0
4164.286838015069	103.0
4164.638976150804	99.0
4164.991098497352	90.0
4165.343205051048	66.0
4165.695295808232	29.0
4166.047370765243	21.0
4166.399429918418	19.0
4166.751473264097	16.0
4167.103500798617	16.0
4167.455512518318	16.0
4167.807508419538	15.0
4168.159488498615	15.0
4168.511452751887	13.0
4168.863401175694	15.0
4169.215333766374	14.0
4169.567250520265	14.0
4169.919151433704	16.0
4170.271036503033	14.0
4170.622905724588	13.0
4170.974759094709	13.0
4171.326596609732	12.0
4171.6784182659985	15.0
4172.030224059845	12.0
4172.38201398761	11.0
4172.7337880456325	9.0
4173.085546230251	13.0
4173.437288537803	12.0
4173.78901496463	13.0
4174.140725507067	12.0
4174.492420161454	12.0
4174.844098924129	13.0
4175.19576179143	13.0
4175.547408759698	14.0
4175.899039825269	12.0
4176.250654984482	13.0
4176.602254233676	13.0
4176.953837569189	13.0
4177.305404987359	17.0
4177.656956484526	16.0
4178.008492057026	20.0
4178.360011701201	26.0
4178.711515413386	26.0
4179.063003189922	25.0
4179.414475027146	24.0
4179.765930921398	26.0
4180.117370869014	28.0
4180.468794866334	40.0
4180.8202029096965	73.0
4181.17159499544	113.0
4181.522971119902	119.0
4181.874331279422	118.0
4182.225675470339	117.0
4182.577003688992	114.0
4182.928315931716	102.0
4183.279612194852	52.0
4183.630892474738	25.0
4183.982156767714	22.0
4184.333405070115	19.0
4184.684637378283	19.0
4185.035853688555	15.0
4185.3870539972695	16.0
4185.738238300765	15.0
4186.08940659538	18.0
4186.4405588774525	18.0
4186.791695143322	18.0
4187.142815389325	17.0
4187.493919611802	22.0
4187.845007807092	20.0
4188.196079971532	25.0
4188.54713610146	26.0
4188.8981761932155	34.0
4189.249200243136	46.0
4189.600208247562	92.0
4189.95120020283	188.0
4190.302176105279	240.0
4190.653135951248	247.0
4191.004079737075	239.0
4191.355007459099	235.0
4191.705919113658	224.0
4192.05681469709	150.0
4192.4076942057345	67.0
4192.758557635929	33.0
4193.109404984012	27.0
4193.460236246324	26.0
4193.8110514192	28.0
4194.161850498983	26.0
4194.512633482007	28.0
4194.863400364612	29.0
4195.214151143137	31.0
4195.564885813921	34.0
4195.915604373301	35.0
4196.266306817616	43.0
4196.616993143206	60.0
4196.967663346408	134.0
4197.31831742356	379.0
4197.668955371001	514.0
4198.0195771850695	540.0
4198.370182862105	549.0
4198.720772398444	556.0
4199.071345790427	547.0
4199.42190303439	559.0
4199.772444126675	563.0
4200.122969063617	564.0
4200.473477841557	561.0
4200.823970456831	561.0
4201.174446905779	562.0
4201.52490718474	518.0
4201.875351290052	369.0
4202.225779218053	119.0
4202.576190965081	69.0
4202.926586527477	59.0
4203.276965901577	48.0
4203.62732908372	35.0
4203.977676070244	35.0
4204.328006857489	32.0
4204.678321441792	25.0
4205.028619819492	23.0
4205.378901986928	21.0
4205.729167940439	24.0
4206.079417676361	20.0
4206.429651191034	18.0
4206.779868480797	18.0
4207.130069541988	18.0
4207.480254370945	16.0
4207.830422964007	16.0
4208.180575317512	15.0
4208.5307114278	17.0
4208.880831291208	16.0
4209.230934904074	13.0
4209.581022262738	2.0
4209.931093363537	0.0
4210.281148202811	0.0
4210.631186776897	0.0
4210.981209082134	0.0
4211.331215114861	0.0
4211.681204871417	0.0
4212.031178348138	0.0
4212.381135541365	0.0
4212.731076447435	0.0
4213.081001062687	0.0
4213.43090938346	0.0
4213.780801406092	0.0
4214.130677126921	0.0
4214.480536542286	0.0
4214.830379648526	0.0
4215.180206441978	0.0
4215.530016918981	0.0
4215.879811075874	0.0
4216.229588908996	0.0
4216.579350414684	0.0
4216.9290955892775	0.0
4217.278824429116	0.0
4217.628536930535	0.0
4217.978233089875	0.0
4218.3279129034745	0.0
4218.677576367671	0.0
4219.0272234788035	0.0
4219.376854233211	0.0
4219.726468627231	0.0
4220.076066657204	0.0
4220.425648319466	0.0
4220.775213610355	0.0
4221.124762526213	0.0
4221.474295063375	0.0
4221.823811218182	0.0
4222.17331098697	0.0
4222.522794366079	0.0
4222.8722613518485	0.0
4223.221711940616	0.0
4223.571146128718	0.0
4223.920563912496	0.0
4224.269965288287	0.0
4224.619350252428	0.0
4224.96871880126	0.0
4225.318070931122	0.0
4225.667406638349	0.0
4226.016725919284	0.0
4226.366028770262	0.0
4226.715315187622	0.0
4227.064585167703	0.0
4227.413838706843	0.0
4227.763075801382	0.0
4228.112296447657	90.0
4228.461500642006	92.0
4228.81068838077	91.0
4229.159859660285	80.0
4229.509014476891	50.0
4229.858152826925	31.0
4230.207274706726	31.0
4230.556380112633	29.0
4230.905469040984	23.0
4231.254541488118	15.0
4231.603597450373	16.0
4231.952636924088	16.0
4232.301659905601	15.0
4232.6506663912505	12.0
4232.999656377375	12.0
4233.348629860312	13.0
4233.697586836402	13.0
4234.046527301982	15.0
4234.395451253391	13.0
4234.744358686969	13.0
4235.093249599051	16.0
4235.4421239859785	18.0
4235.790981844088	27.0
4236.1398231697185	69.0
4236.48864795921	101.0
4236.837456208898	103.0
4237.186247915124	103.0
4237.535023074226	105.0
4237.883781682541	95.0
4238.2325237364075	79.0
4238.581249232165	36.0
4238.929958166152	18.0
4239.278650534706	16.0
4239.627326334165	14.0
4239.975985560871	15.0
4240.3246282111595	13.0
4240.673254281368	13.0
4241.021863767837	13.0
4241.370456666905	12.0
4241.719032974909	12.0
4242.0675926881895	10.0
4242.416135803083	12.0
4242.764662315929	12.0
4243.113172223066	13.0
4243.461665520833	13.0
4243.810142205567	10.0
4244.158602273606	12.0
4244.507045721291	15.0
4244.855472544959	12.0
4245.203882740949	12.0
4245.552276305599	13.0
4245.900653235247	14.0
4246.249013526233	12.0
4246.597357174894	12.0
4246.945684177569	12.0
4247.293994530596	12.0
4247.642288230315	12.0
4247.990565273063	12.0
4248.338825655178	13.0
4248.687069373001	13.0
4249.035296422869	14.0
4249.3835068011185	18.0
4249.731700504091	19.0
4250.079877528124	28.0
4250.428037869555	40.0
4250.776181524723	46.0
4251.124308489967	46.0
4251.472418761626	46.0
4251.820512336037	42.0
4252.168589209539	40.0
4252.516649378471	27.0
4252.864692839171	19.0
4253.2127195879775	19.0
4253.560729621229	17.0
4253.9087229352635	17.0
4254.256699526421	16.0
4254.604659391038	21.0
4254.952602525455	19.0
4255.300528926009	22.0
4255.648438589038	24.0
4255.996331510883	24.0
4256.344207687879	29.0
4256.692067116367	30.0
4257.039909792685	34.0
4257.387735713171	40.0
4257.735544874165	65.0
4258.083337272003	196.0
4258.431112903025	429.0
4258.7788717635685	508.0
4259.126613849973	508.0
4259.474339158576	511.0
4259.822047685718	500.0
4260.169739427734	450.0
4260.517414380967	289.0
4260.865072541752	87.0
4261.212713906428	46.0
4261.560338471334	40.0
4261.907946232809	32.0
4262.25553718719	30.0
4262.603111330817	26.0
4262.950668660028	27.0
4263.298209171161	26.0
4263.645732860556	29.0
4263.993239724548	29.0
4264.3407297594795	31.0
4264.688202961686	45.0
4265.035659327507	92.0
4265.383098853283	192.0
4265.730521535349	217.0
4266.0779273700455	234.0
4266.425316353711	238.0
4266.772688482683	237.0
4267.120043753302	219.0
4267.4673821619035	158.0
4267.8147037048275	65.0
4268.162008378413	37.0
4268.509296178998	34.0
4268.85656710292	31.0
4269.20382114652	27.0
4269.551058306134	30.0
4269.898278578101	33.0
4270.24548195876	35.0
4270.592668444449	55.0
4270.939838031507	142.0
4271.286990716272	264.0
4271.634126495083	294.0
4271.981245364278	301.0
4272.328347320196	292.0
4272.675432359176	292.0
4273.022500477554	257.0
4273.369551671671	158.0
4273.716585937864	61.0
4274.0636032724715	50.0
4274.410603671833	54.0
4274.757587132287	54.0
4275.1045536501715	60.0
4275.451503221825	66.0
4275.798435843585	86.0
4276.145351511792	204.0
4276.492250222782	536.0
4276.839131972895	676.0
4277.1859967584705	725.0
4277.532844575845	706.0
4277.879675421358	717.0
4278.226489291348	668.0
4278.5732861821525	502.0
4278.920066090111	183.0
4279.266829011561	63.0
4279.613574942842	50.0
4279.9603038802925	42.0
4280.30701582025	35.0
4280.653710759055	29.0
4281.000388693043	27.0
4281.347049618554	27.0
4281.693693531926	32.0
4282.0403204295	40.0
4282.386930307611	37.0
4282.733523162598	37.0
4283.080098990802	36.0
4283.426657788559	34.0
4283.773199552209	36.0
4284.119724278089	31.0
4284.466231962539	18.0
4284.812722601896	18.0
4285.1591961925	19.0
4285.505652730688	19.0
4285.852092212799	19.0
4286.198514635172	17.0
4286.544919994146	18.0
4286.891308286057	16.0
4287.237679507246	17.0
4287.5840336540505	16.0
4287.930370722808	16.0
4288.276690709859	13.0
4288.622993611541	16.0
4288.969279424192	15.0
4289.315548144152	15.0
4289.661799767757	16.0
4290.008034291347	14.0
4290.35425171126	16.0
4290.700452023835	15.0
4291.046635225411	16.0
4291.392801312325	15.0
4291.738950280917	15.0
4292.085082127524	15.0
4292.431196848486	14.0
4292.77729444014	15.0
4293.123374898825	13.0
4293.46943822088	16.0
4293.815484402643	15.0
4294.161513440453	16.0
4294.507525330647	15.0
4294.853520069565	13.0
4295.199497653545	16.0
4295.545458078926	16.0
4295.891401342045	16.0
4296.237327439241	13.0
4296.583236366854	17.0
4296.929128121221	21.0
4297.2750026986805	27.0
4297.6208600955715	24.0
4297.966700308233	29.0
4298.312523333002	35.0
4298.658329166217	59.0
4299.004117804218	146.0
4299.349889243343	209.0
4299.695643479929	236.0
4300.041380510316	240.0
4300.387100330842	234.0
4300.732802937847	231.0
4301.078488327667	188.0
4301.424156496641	97.0
4301.769807441108	48.0
4302.115441157407	28.0
4302.461057641876	22.0
4302.806656890853	19.0
4303.152238900677	17.0
4303.497803667687	17.0
4303.84335118822	16.0
4304.188881458616	15.0
4304.534394475212	16.0
4304.879890234348	15.0
4305.225368732361	16.0
4305.570829965591	16.0
4305.916273930375	16.0
4306.261700623052	16.0
4306.607110039962	19.0
4306.952502177441	16.0
4307.297877031829	18.0
4307.643234599463	23.0
4307.988574876683	45.0
4308.333897859828	75.0
4308.679203545234	81.0
4309.024491929242	78.0
4309.369763008189	88.0
4309.715016778414	79.0
4310.060253236255	74.0
4310.405472378051	50.0
4310.750674200141	21.0
4311.095858698862	16.0
4311.441025870553	16.0
4311.786175711553	15.0
4312.1313082182005	13.0
4312.4764233868345	12.0
4312.821521213792	13.0
4313.166601695411	14.0
4313.511664828033	15.0
4313.856710607994	15.0
4314.201739031632	13.0
4314.546750095287	14.0
4314.891743795298	15.0
4315.236720128002	12.0
4315.581679089738	15.0
4315.926620676843	15.0
4316.271544885659	16.0
4316.616451712521	12.0
4316.961341153769	14.0
4317.306213205741	13.0
4317.651067864776	13.0
4317.995905127214	12.0
4318.340724989391	13.0
4318.685527447646	13.0
4319.030312498317	13.0
4319.375080137743	13.0
4319.719830362264	13.0
4320.0645631682155	13.0
4320.409278551939	16.0
4320.753976509771	12.0
4321.098657038051	12.0
4321.443320133116	15.0
4321.787965791306	14.0
4322.132594008959	15.0
4322.4772047824135	15.0
4322.821798108008	12.0
4323.166373982081	15.0
4323.51093240097	15.0
4323.855473361016	12.0
4324.199996858555	15.0
4324.544502889926	15.0
4324.8889914514675	13.0
4325.233462539519	15.0
4325.577916150418	16.0
4325.922352280502	16.0
4326.266770926112	14.0
4326.611172083586	17.0
4326.95555574926	16.0
4327.299921919475	16.0
4327.644270590568	16.0
4327.988601758878	21.0
4328.332915420744	23.0
4328.677211572503	24.0
4329.021490210495	23.0
4329.365751331059	31.0
4329.709994930532	46.0
4330.054221005252	108.0
4330.398429551559	155.0
4330.74262056579	164.0
4331.086794044285	190.0
4331.430949983382	192.0
4331.775088379419	202.0
4332.119209228734	203.0
4332.463312527668	236.0
4332.807398272556	253.0
4333.151466459739	244.0
4333.495517085555	251.0
4333.839550146341	247.0
4334.183565638436	266.0
4334.52756355818	259.0
4334.871543901911	165.0
4335.215506665967	116.0
4335.559451846687	114.0
4335.903379440408	113.0
4336.247289443469	103.0
4336.591181852209	69.0
4336.935056662966	45.0
4337.27891387208	44.0
4337.622753475888	42.0
4337.966575470729	38.0
4338.310379852942	27.0
4338.654166618863	21.0
4338.997935764833	20.0
4339.341687287189	21.0
4339.685421182271	19.0
4340.029137446417	17.0
4340.372836075964	16.0
4340.716517067253	19.0
4341.06018041662	19.0
4341.403826120405	19.0
4341.747454174945	17.0
4342.091064576581	18.0
4342.434657321649	22.0
4342.778232406488	23.0
4343.121789827438	22.0
4343.465329580836	26.0
4343.808851663021	39.0
4344.152356070332	77.0
4344.495842799106	85.0
4344.8393118456825	92.0
4345.182763206399	92.0
4345.526196877595	95.0
4345.869612855609	97.0
4346.21301113678	92.0
4346.556391717445	103.0
4346.899754593943	257.0
4347.2430997626125	411.0
4347.586427219791	433.0
4347.92973696182	432.0
4348.273028985035	441.0
4348.616303285776	426.0
4348.959559860381	353.0
4349.302798705188	182.0
4349.646019816537	63.0
4349.989223190764	42.0
4350.33240882421	34.0
4350.675576713211	31.0
4351.018726854108	43.0
4351.361859243238	57.0
4351.704973876939	54.0
4352.048070751551	57.0
4352.3911498634125	55.0
4352.73421120886	55.0
4353.077254784233	49.0
4353.420280585871	35.0
4353.763288610111	24.0
4354.106278853293	21.0
4354.449251311753	20.0
4354.792205981832	19.0
4355.135142859868	15.0
4355.478061942199	19.0
4355.820963225163	19.0
4356.163846705099	18.0
4356.506712378345	20.0
4356.84956024124	17.0
4357.192390290123	18.0
4357.535202521331	19.0
4357.8779969312045	16.0
4358.22077351608	15.0
4358.5635322722965	15.0
4358.906273196193	16.0
4359.248996284108	16.0
4359.591701532379	17.0
4359.934388937346	17.0
4360.277058495346	18.0
4360.619710202719	19.0
4360.962344055802	31.0
4361.304960050934	41.0
4361.647558184453	42.0
4361.990138452698	43.0
4362.332700852009	42.0
4362.675245378721	46.0
4363.017772029176	39.0
4363.36028079971	29.0
4363.702771686664	25.0
4364.045244686373	23.0
4364.387699795178	21.0
4364.7301370094165	21.0
4365.072556325427	18.0
4365.414957739549	17.0
4365.75734124812	19.0
4366.099706847479	22.0
4366.442054533964	37.0
4366.784384303914	73.0
4367.126696153666	88.0
4367.46899007956	89.0
4367.811266077934	93.0
4368.153524145127	89.0
4368.495764277477	90.0
4368.837986471322	76.0
4369.180190723003	66.0
4369.522377028854	129.0
4369.864545385217	235.0
4370.206695788429	278.0
4370.548828234829	293.0
4370.890942720755	297.0
4371.233039242546	301.0
4371.57511779654	266.0
4371.917178379076	184.0
4372.259220986493	105.0
4372.601245615129	54.0
4372.9432522613215	32.0
4373.285240921409	28.0
4373.627211591731	28.0
4373.969164268626	34.0
4374.311098948431	36.0
4374.653015627487	57.0
4374.994914302131	95.0
4375.336794968701	105.0
4375.678657623536	105.0
4376.020502262974	103.0
4376.362328883354	104.0
4376.704137481015	95.0
4377.045928052295	69.0
4377.387700593532	37.0
4377.7294551010655	27.0
4378.071191571233	45.0
4378.412910000372	91.0
4378.7546103848235	154.0
4379.096292720924	175.0
4379.437957005013	180.0
4379.779603233429	172.0
4380.12123140251	177.0
4380.462841508595	156.0
4380.804433548022	103.0
4381.146007517129	38.0
4381.487563412255	25.0
4381.829101229739	23.0
4382.170620965919	23.0
4382.512122617133	23.0
4382.85360617972	27.0
4383.195071650019	27.0
4383.536519024368	35.0
4383.877948299105	59.0
4384.219359470569	88.0
4384.560752535098	86.0
4384.902127489031	91.0
4385.243484328706	88.0
4385.584823050462	83.0
4385.926143650637	75.0
4386.267446125571	46.0
4386.608730471599	23.0
4386.9499966850635	20.0
4387.2912447623	20.0
4387.632474699648	17.0
4387.973686493447	15.0
4388.314880140034	16.0
4388.656055635747	12.0
4388.997212976928	12.0
4389.338352159912	14.0
4389.679473181037	12.0
4390.020576036643	12.0
4390.36166072307	13.0
4390.702727236654	13.0
4391.043775573734	12.0
4391.3848057306495	12.0
4391.725817703737	12.0
4392.066811489339	13.0
4392.407787083789	11.0
4392.748744483429	14.0
4393.089683684595	12.0
4393.430604683626	13.0
4393.771507476863	12.0
4394.1123920606415	12.0
4394.453258431301	11.0
4394.794106585182	13.0
4395.134936518619	12.0
4395.475748227953	13.0
4395.8165417095215	13.0
4396.157316959664	12.0
4396.498073974719	15.0
4396.838812751023	13.0
4397.179533284917	16.0
4397.520235572739	15.0
4397.8609196108255	16.0
4398.201585395516	20.0
4398.54223292315	24.0
4398.882862190065	46.0
4399.2234731926	66.0
4399.564065927093	97.0
4399.904640389882	152.0
4400.245196577308	177.0
4400.585734485707	186.0
4400.926254111417	179.0
4401.266755450778	156.0
4401.607238500128	130.0
4401.947703255806	110.0
4402.288149714149	54.0
4402.628577871497	24.0
4402.968987724188	19.0
4403.309379268561	16.0
4403.6497525009545	19.0
4403.990107417705	21.0
4404.330444015152	21.0
4404.670762289636	16.0
4405.011062237492	17.0
4405.351343855061	19.0
4405.69160713868	20.0
4406.03185208469	17.0
4406.372078689426	14.0
4406.71228694923	15.0
4407.052476860436	14.0
4407.392648419387	15.0
4407.732801622419	15.0
4408.072936465871	11.0
4408.413052946082	11.0
4408.753151059391	13.0
4409.093230802134	11.0
4409.433292170651	13.0
4409.773335161281	11.0
4410.113359770361	11.0
4410.453365994231	13.0
4410.793353829228	10.0
4411.1333232716925	11.0
4411.473274317961	11.0
4411.813206964374	11.0
4412.153121207268	10.0
4412.493017042982	11.0
4412.832894467854	11.0
4413.172753478225	11.0
4413.51259407043	13.0
4413.852416240809	14.0
4414.192219985702	13.0
4414.532005301447	11.0
4414.87177218438	12.0
4415.21152063084	12.0
4415.551250637168	13.0
4415.8909621997	14.0
4416.230655314776	10.0
4416.570329978734	11.0
4416.909986187912	9.0
4417.24962393865	11.0
4417.589243227284	12.0
4417.928844050154	14.0
4418.268426403599	11.0
4418.6079902839565	13.0
4418.947535687565	12.0
4419.287062610763	15.0
4419.626571049889	17.0
4419.966061001283	20.0
4420.3055324612815	22.0
4420.644985426224	24.0
4420.9844198924475	25.0
4421.323835856292	27.0
4421.663233314095	28.0
4422.002612262197	22.0
4422.341972696933	22.0
4422.681314614645	20.0
4423.020638011671	23.0
4423.359942884346	26.0
4423.6992292290115	28.0
4424.038497042006	34.0
4424.377746319667	61.0
4424.716977058333	161.0
4425.056189254343	295.0
4425.395382904036	329.0
4425.734558003749	337.0
4426.0737145498215	333.0
4426.412852538591	333.0
4426.751971966397	302.0
4427.091072829578	197.0
4427.430155124472	68.0
4427.769218847417	39.0
4428.108263994753	33.0
4428.447290562817	39.0
4428.786298547948	69.0
4429.125287946485	140.0
4429.464258754765	174.0
4429.803210969128	190.0
4430.142144585911	206.0
4430.481059601454	211.0
4430.819956012095	203.0
4431.158833814172	172.0
4431.497693004025	108.0
4431.83653357799	64.0
4432.175355532408	45.0
4432.514158863614	42.0
4432.85294356795	58.0
4433.191709641754	68.0
4433.530457081362	64.0
4433.869185883115	64.0
4434.207896043352	59.0
4434.546587558408	58.0
4434.885260424624	42.0
4435.223914638338	26.0
4435.562550195888	20.0
4435.901167093614	19.0
4436.239765327853	17.0
4436.578344894944	17.0
4436.916905791226	15.0
4437.255448013037	18.0
4437.593971556714	16.0
4437.932476418597	20.0
4438.270962595025	36.0
4438.609430082335	51.0
4438.9478788768665	52.0
4439.286308974958	55.0
4439.624720372948	55.0
4439.963113067174	57.0
4440.3014870539755	50.0
4440.63984232969	33.0
4440.978178890657	23.0
4441.316496733214	13.0
4441.654795853701	12.0
4441.993076248455	13.0
4442.331337913814	11.0
4442.66958084612	14.0
4443.007805041708	11.0
4443.346010496916	11.0
4443.684197208085	12.0
4444.022365171552	11.0
4444.360514383656	13.0
4444.698644840735	14.0
4445.036756539128	15.0
4445.3748494751735	16.0
4445.712923645209	14.0
4446.050979045574	13.0
4446.3890156726075	14.0
4446.727033522647	15.0
4447.06503259203	16.0
4447.403012877096	28.0
4447.740974374185	51.0
4448.078917079633	71.0
4448.41684098978	70.0
4448.754746100964	76.0
4449.0926324095235	77.0
4449.430499911797	67.0
4449.7683486041215	58.0
4450.106178482838	33.0
4450.443989544284	17.0
4450.781781784798	16.0
4451.119555200718	13.0
4451.457309788383	11.0
4451.795045544131	11.0
4452.132762464301	11.0
4452.470460545231	11.0
4452.808139783259	10.0
4453.145800174725	8.0
4453.483441715966	11.0
4453.821064403323	10.0
4454.158668233132	8.0
4454.496253201731	11.0
4454.83381930546	11.0
4455.171366540656	11.0
4455.508894903659	12.0
4455.846404390807	7.0
4456.1838949984385	8.0
4456.521366722894	11.0
4456.858819560507	10.0
4457.19625350762	12.0
4457.53366856057	11.0
4457.871064715696	12.0
4458.208441969336	11.0
4458.545800317829	12.0
4458.883139757513	14.0
4459.220460284728	14.0
4459.55776189581	17.0
4459.895044587099	20.0
4460.232308354932	17.0
4460.56955319565	20.0
4460.906779105589	20.0
4461.243986081089	17.0
4461.581174118488	14.0
4461.918343214124	13.0
4462.255493364338	14.0
4462.592624565465	10.0
4462.929736813844	11.0
4463.266830105816	11.0
4463.603904437717	10.0
4463.940959805886	11.0
4464.2779962066625	10.0
4464.615013636384	11.0
4464.95201209139	11.0
4465.288991568018	10.0
4465.625952062606	8.0
4465.962893571494	10.0
4466.299816091018	11.0
4466.63671961752	10.0
4466.973604147336	10.0
4467.310469676805	10.0
4467.647316202267	11.0
4467.984143720057	11.0
4468.320952226516	8.0
4468.657741717982	14.0
4468.994512190793	11.0
4469.331263641289	11.0
4469.667996065807	12.0
4470.004709460685	13.0
4470.341403822264	14.0
4470.678079146881	13.0
4471.014735430873	13.0
4471.35137267058	14.0
4471.68799086234	14.0
4472.024590002492	15.0
4472.361170087374	14.0
4472.697731113325	19.0
4473.034273076683	27.0
4473.370795973788	56.0
4473.707299800975	122.0
4474.043784554586	144.0
4474.380250230957	148.0
4474.716696826428	149.0
4475.053124337337	147.0
4475.389532760023	150.0
4475.725922090823	107.0
4476.062292326078	47.0
4476.398643462123	22.0
4476.734975495299	20.0
4477.071288421945	17.0
4477.407582238397	19.0
4477.743856940994	17.0
4478.080112526077	17.0
4478.416348989982	18.0
4478.752566329049	14.0
4479.088764539615	19.0
4479.424943618019	23.0
4479.7611035606	27.0
4480.097244363696	38.0
4480.433366023645	85.0
4480.769468536786	199.0
4481.105551899459	246.0
4481.441616108	243.0
4481.777661158749	250.0
4482.113687048043	239.0
4482.449693772222	225.0
4482.785681327625	172.0
4483.121649710588	76.0
4483.457598917451	31.0
4483.793528944552	21.0
4484.12943978823	19.0
4484.465331444825	20.0
4484.8012039106725	17.0
4485.137057182112	13.0
4485.472891255482	13.0
4485.808706127122	14.0
4486.144501793368	13.0
4486.480278250562	11.0
4486.81603549504	11.0
4487.151773523141	12.0
4487.487492331204	11.0
4487.823191915566	10.0
4488.158872272567	11.0
4488.494533398545	11.0
4488.830175289839	11.0
4489.165797942786	14.0
4489.501401353726	13.0
4489.836985518997	20.0
4490.172550434937	26.0
4490.508096097885	24.0
4490.84362250418	27.0
4491.179129650158	27.0
4491.514617532161	28.0
4491.850086146524	23.0
4492.185535489588	19.0
4492.520965557691	13.0
4492.856376347171	13.0
4493.191767854367	11.0
4493.527140075616	10.0
4493.862493007258	11.0
4494.197826645632	11.0
4494.533140987074	10.0
4494.868436027925	10.0
4495.203711764522	11.0
4495.538968193206	11.0
4495.874205310311	8.0
4496.209423112178	9.0
4496.544621595146	8.0
4496.879800755552	10.0
4497.214960589737	14.0
4497.550101094036	21.0
4497.88522226479	20.0
4498.220324098338	21.0
4498.5554065910155	20.0
4498.890469739164	18.0
4499.225513539119	23.0
4499.560537987221	17.0
4499.895543079809	14.0
4500.23052881322	13.0
4500.565495183793	9.0
4500.900442187867	10.0
4501.23536982178	11.0
4501.570278081871	14.0
4501.905166964477	25.0
4502.240036465937	24.0
4502.574886582591	27.0
4502.909717310776	27.0
4503.24452864683	27.0
4503.579320587093	26.0
4503.914093127904	24.0
4504.248846265599	15.0
4504.583579996518	10.0
4504.918294316999	14.0
4505.252989223381	12.0
4505.587664712001	11.0
4505.9223207792	12.0
4506.256957421315	14.0
4506.5915746346855	14.0
4506.926172415648	14.0
4507.260750760542	15.0
4507.595309665706	17.0
4507.929849127478	17.0
4508.264369142197	21.0
4508.598869706202	21.0
4508.933350815831	34.0
4509.267812467422	73.0
4509.602254657315	191.0
4509.9366773818465	259.0
4510.271080637356	281.0
4510.605464420181	274.0
4510.939828726661	272.0
4511.2741735531345	261.0
4511.60849889594	224.0
4511.942804751416	116.0
4512.2770911159005	38.0
4512.611357985732	22.0
4512.9456053572485	19.0
4513.279833226789	19.0
4513.614041590693	14.0
4513.948230445298	16.0
4514.282399786942	12.0
4514.616549611964	12.0
4514.950679916703	12.0
4515.284790697496	13.0
4515.618881950683	10.0
4515.952953672601	10.0
4516.287005859591	12.0
4516.6210385079885	11.0
4516.9550516141335	11.0
4517.289045174364	11.0
4517.623019185021	11.0
4517.956973642438	12.0
4518.290908542958	10.0
4518.624823882917	13.0
4518.9587196586535	10.0
4519.292595866507	11.0
4519.6264525028155	10.0
4519.960289563918	10.0
4520.294107046152	10.0
4520.627904945858	13.0
4520.961683259372	20.0
4521.295441983033	38.0
4521.6291811131805	41.0
4521.962900646152	38.0
4522.296600578287	41.0
4522.6302809059225	42.0
4522.963941625399	39.0
4523.297582733054	30.0
4523.631204225225	17.0
4523.964806098251	9.0
4524.29838834847	8.0
4524.6319509722225	10.0
4524.965493965846	9.0
4525.299017325678	8.0
4525.632521048057	8.0
4525.966005129324	8.0
4526.299469565814	10.0
4526.632914353868	10.0
4526.9663394898225	10.0
4527.299744970018	11.0
4527.633130790791	9.0
4527.966496948481	10.0
4528.299843439428	11.0
4528.633170259967	11.0
4528.96647740644	13.0
4529.299764875183	21.0
4529.633032662536	29.0
4529.966280764836	33.0
4530.299509178422	33.0
4530.6327178996335	34.0
4530.965906924808	33.0
4531.299076250284	31.0
4531.632225872401	25.0
4531.965355787496	14.0
4532.298465991908	11.0
4532.631556481976	13.0
4532.964627254038	11.0
4533.297678304432	12.0
4533.630709629498	10.0
4533.963721225572	12.0
4534.2967130889965	13.0
4534.629685216105	14.0
4534.962637603239	15.0
4535.295570246737	14.0
4535.628483142937	15.0
4535.961376288176	17.0
4536.2942496787955	16.0
4536.627103311132	17.0
4536.959937181524	18.0
4537.29275128631	17.0
4537.625545621829	18.0
4537.958320184418	19.0
4538.291074970418	20.0
4538.623809976166	14.0
4538.956525198	17.0
4539.2892206322595	14.0
4539.621896275283	16.0
4539.954552123409	14.0
4540.287188172974	17.0
4540.619804420318	17.0
4540.952400861781	20.0
4541.2849774936985	22.0
4541.617534312411	23.0
4541.950071314256	27.0
4542.282588495573	26.0
4542.6150858527	37.0
4542.947563381975	44.0
4543.280021079737	75.0
4543.612458942323	182.0
4543.944876966074	497.0
4544.277275147327	680.0
4544.60965348242	696.0
4544.942011967692	704.0
4545.274350599484	692.0
4545.60666937413	676.0
4545.938968287971	556.0
4546.271247337345	282.0
4546.603506518591	77.0
4546.9357458280465	50.0
4547.26796526205	42.0
4547.600164816941	35.0
4547.932344489058	32.0
4548.264504274739	26.0
4548.596644170321	25.0
4548.928764172145	23.0
4549.260864276548	19.0
4549.5929444798685	17.0
4549.925004778445	14.0
4550.257045168617	14.0
4550.589065646722	14.0
4550.9210662091	12.0
4551.253046852086	13.0
4551.585007572022	12.0
4551.916948365244	11.0
4552.248869228092	11.0
4552.580770156905	11.0
4552.91265114802	13.0
4553.244512197775	13.0
4553.576353302512	13.0
4553.908174458565	12.0
4554.239975662274	12.0
4554.571756909979	11.0
4554.903518198017	8.0
4555.235259522727	11.0
4555.566980880447	12.0
4555.898682267516	10.0
4556.2303636802735	10.0
4556.562025115056	7.0
4556.893666568202	9.0
4557.225288036051	10.0
4557.556889514941	8.0
4557.888471001211	10.0
4558.220032491199	8.0
4558.551573981244	9.0
4558.883095467683	8.0
4559.2145969468575	11.0
4559.546078415103	8.0
4559.8775398687585	11.0
4560.208981304164	10.0
4560.5404027176555	10.0
4560.8718041055745	11.0
4561.203185464256	11.0
4561.534546790042	13.0
4561.86588807927	11.0
4562.197209328277	9.0
4562.5285105334015	16.0
4562.859791690983	17.0
4563.1910527973605	23.0
4563.522293848871	30.0
4563.853514841854	28.0
4564.184715772648	28.0
4564.515896637591	29.0
4564.847057433021	24.0
4565.178198155279	17.0
4565.5093188006995	14.0
4565.840419365623	11.0
4566.1714998463885	10.0
4566.502560239334	11.0
4566.833600540799	11.0
4567.164620747119	10.0
4567.495620854637	8.0
4567.8266008596875	9.0
4568.15756075861	9.0
4568.488500547744	11.0
4568.819420223427	9.0
4569.1503197819975	10.0
4569.481199219795	8.0
4569.812058533156	9.0
4570.142897718422	8.0
4570.473716771929	10.0
4570.804515690015	11.0
4571.135294469021	8.0
4571.466053105283	8.0
4571.796791595141	10.0
4572.127509934934	10.0
4572.458208120998	11.0
4572.788886149676	11.0
4573.1195440173005	10.0
4573.450181720214	10.0
4573.780799254753	10.0
4574.111396617258	13.0
4574.441973804066	12.0
4574.772530811516	13.0
4575.103067635946	14.0
4575.4335842736955	14.0
4575.764080721102	15.0
4576.094556974504	17.0
4576.42501303024	0.0
4576.755448884649	0.0
4577.0858645340695	0.0
4577.416259974839	0.0
4577.746635203297	0.0
4578.076990215781	0.0
4578.407325008632	0.0
4578.737639578185	0.0
4579.06793392078	0.0
4579.398208032756	0.0
4579.72846191045	0.0
4580.058695550202	0.0
4580.38890894835	0.0
4580.719102101233	0.0
4581.049275005189	0.0
4581.379427656555	0.0
4581.709560051672	0.0
4582.0396721868765	0.0
4582.369764058508	0.0
4582.699835662905	0.0
4583.029886996405	0.0
4583.359918055348	0.0
4583.689928836072	0.0
4584.019919334914	0.0
4584.349889548215	0.0
4584.679839472311	0.0
4585.009769103542	0.0
4585.339678438246	0.0
4585.669567472761	0.0
4585.999436203426	0.0
4586.32928462658	0.0
4586.659112738562	0.0
4586.988920535708	0.0
4587.318708014358	0.0
4587.64847517085	0.0
4587.978222001523	0.0
4588.307948502716	0.0
4588.637654670766	0.0
4588.967340502013	0.0
4589.297005992795	0.0
4589.62665113945	0.0
4589.956275938316	0.0
4590.2858803857325	0.0
4590.615464478037	0.0
4590.9450282115695	0.0
4591.274571582667	0.0
4591.604094587668	0.0
4591.933597222914	0.0
4592.263079484739	24.0
4592.592541369484	24.0
4592.921982873487	21.0
4593.251403993086	18.0
4593.58080472462	18.0
4593.910185064427	16.0
4594.239545008846	20.0
4594.568884554217	22.0
4594.8982036968755	34.0
4595.227502433161	51.0
4595.5567807594125	55.0
4595.886038671968	55.0
4596.215276167166	59.0
4596.544493241346	54.0
4596.873689890845	51.0
4597.202866112002	48.0
4597.532021901157	49.0
4597.861157254646	75.0
4598.190272168808	80.0
4598.519366639983	81.0
4598.848440664508	80.0
4599.177494238722	83.0
4599.5065273589635	77.0
4599.8355400215705	58.0
4600.164532222883	30.0
4600.493503959238	18.0
4600.822455226974	18.0
4601.1513860224295	16.0
4601.480296341943	15.0
4601.809186181855	13.0
4602.1380555385	13.0
4602.46690440822	14.0
4602.795732787353	16.0
4603.1245406722355	14.0
4603.453328059208	14.0
4603.782094944607	16.0
4604.110841324772	15.0
4604.439567196042	15.0
4604.768272554756	15.0
4605.09695739725	17.0
4605.4256217198645	17.0
4605.754265518938	20.0
4606.082888790808	21.0
4606.411491531813	23.0
4606.740073738292	27.0
4607.068635406585	31.0
4607.397176533027	36.0
4607.725697113959	52.0
4608.054197145718	111.0
4608.382676624645	358.0
4608.711135547075	620.0
4609.039573909348	698.0
4609.367991707804	693.0
4609.696388938779	705.0
4610.024765598613	692.0
4610.3531216836445	644.0
4610.681457190211	447.0
4611.009772114653	166.0
4611.338066453306	63.0
4611.666340202511	42.0
4611.994593358605	35.0
4612.322825917926	29.0
4612.651037876814	22.0
4612.979229231608	20.0
4613.307399978644	21.0
4613.635550114263	18.0
4613.963679634802	19.0
4614.2917885366	18.0
4614.619876815994	13.0
4614.947944469324	13.0
4615.275991492929	12.0
4615.604017883146	12.0
4615.932023636315	14.0
4616.260008748773	13.0
4616.58797321686	13.0
4616.915917036913	12.0
4617.243840205271	11.0
4617.571742718273	9.0
4617.899624572256	10.0
4618.227485763559	10.0
4618.555326288522	11.0
4618.883146143483	9.0
4619.2109453247795	10.0
4619.53872382875	9.0
4619.866481651734	10.0
4620.194218790069	10.0
4620.521935240094	9.0
4620.8496309981465	8.0
4621.177306060566	9.0
4621.504960423691	9.0
4621.83259408386	8.0
4622.160207037411	8.0
4622.487799280682	8.0
4622.815370810013	9.0
4623.142921621741	9.0
4623.470451712205	6.0
4623.797961077744	8.0
4624.125449714696	8.0
4624.452917619399	9.0
4624.780364788194	9.0
4625.107791217415	6.0
4625.435196903404	8.0
4625.762581842498	10.0
4626.089946031036	11.0
4626.417289465356	10.0
4626.744612141797	11.0
4627.071914056698	13.0
4627.399195206397	23.0
4627.726455587231	30.0
4628.05369519554	32.0
4628.380914027663	32.0
4628.708112079937	32.0
4629.035289348701	33.0
4629.362445830294	26.0
4629.689581521053	18.0
4630.0166964173195	11.0
4630.343790515429	9.0
4630.670863811721	8.0
4630.997916302534	8.0
4631.324947984206	7.0
4631.651958853076	8.0
4631.978948905484	9.0
4632.305918137765	6.0
4632.6328665462615	8.0
4632.959794127308	6.0
4633.2867008772455	8.0
4633.613586792411	7.0
4633.940451869144	8.0
4634.267296103783	8.0
4634.594119492666	9.0
4634.920922032133	8.0
4635.247703718519	9.0
4635.574464548166	11.0
4635.901204517411	20.0
4636.227923622593	39.0
4636.554621860049	48.0
4636.881299226119	53.0
4637.207955717141	55.0
4637.534591329453	51.0
4637.861206059395	50.0
4638.187799903304	44.0
4638.514372857519	24.0
4638.840924918378	11.0
4639.16745608222	10.0
4639.493966345383	7.0
4639.820455704206	9.0
4640.146924155028	8.0
4640.4733716941855	7.0
4640.799798318019	7.0
4641.126204022867	9.0
4641.452588805066	8.0
4641.778952660956	9.0
4642.1052955868745	10.0
4642.431617579161	8.0
4642.757918634154	8.0
4643.084198748191	9.0
4643.410457917611	8.0
4643.736696138753	7.0
4644.062913407955	7.0
4644.389109721555	6.0
4644.715285075892	7.0
4645.041439467304	8.0
4645.367572892131	9.0
4645.693685346709	7.0
4646.019776827378	9.0
4646.345847330478	9.0
4646.671896852345	14.0
4646.997925389317	13.0
4647.323932937735	10.0
4647.649919493935	11.0
4647.975885054258	12.0
4648.301829615039	12.0
4648.62775317262	9.0
4648.95365572334	10.0
4649.279537263533	9.0
4649.605397789541	9.0
4649.931237297701	15.0
4650.257055784352	17.0
4650.582853245833	18.0
4650.908629678481	19.0
4651.234385078636	20.0
4651.560119442636	21.0
4651.8858327668195	19.0
4652.211525047524	16.0
4652.53719628109	15.0
4652.862846463854	12.0
4653.188475592156	14.0
4653.514083662332	14.0
4653.8396706707235	14.0
4654.165236613668	16.0
4654.490781487503	14.0
4654.816305288568	16.0
4655.141808013201	19.0
4655.46728965774	20.0
4655.792750218525	30.0
4656.118189691892	37.0
4656.4436080741825	85.0
4656.769005361733	281.0
4657.094381550884	456.0
4657.41973663797	500.0
4657.745070619333	509.0
4658.070383491309	511.0
4658.39567525024	506.0
4658.720945892461	464.0
4659.046195414312	311.0
4659.371423812131	114.0
4659.696631082258	44.0
4660.021817221029	28.0
4660.346982224784	24.0
4660.672126089861	21.0
4660.997248812599	17.0
4661.322350389336	15.0
4661.64743081641	15.0
4661.97249009016	14.0
4662.2975282069265	13.0
4662.622545163044	11.0
4662.947540954854	11.0
4663.272515578693	11.0
4663.597469030901	9.0
4663.922401307816	9.0
4664.247312405776	9.0
4664.57220232112	10.0
4664.897071050186	9.0
4665.221918589315	8.0
4665.546744934841	9.0
4665.871550083105	9.0
4666.1963340304455	8.0
4666.521096773201	10.0
4666.8458383077095	8.0
4667.170558630309	8.0
4667.495257737339	8.0
4667.819935625139	8.0
4668.144592290045	7.0
4668.469227728396	8.0
4668.793841936531	6.0
4669.118434910789	8.0
4669.443006647508	7.0
4669.767557143026	7.0
4670.092086393683	7.0
4670.416594395816	6.0
4670.741081145764	7.0
4671.065546639864	7.0
4671.389990874457	6.0
4671.71441384588	7.0
4672.038815550472	7.0
4672.363195984571	7.0
4672.6875551445155	6.0
4673.011893026644	7.0
4673.336209627297	7.0
4673.660504942809	6.0
4673.984778969521	7.0
4674.309031703772	6.0
4674.633263141899	6.0
4674.957473280241	6.0
4675.281662115136	7.0
4675.605829642924	6.0
4675.929975859943	7.0
4676.25410076253	6.0
4676.5782043470235	6.0
4676.902286609764	7.0
4677.226347547088	6.0
4677.550387155336	6.0
4677.8744054308445	5.0
4678.198402369953	6.0
4678.522377969	7.0
4678.846332224324	6.0
4679.170265132263	6.0
4679.494176689155	7.0
4679.81806689134	6.0
4680.141935735155	6.0
4680.46578321694	6.0
4680.789609333031	7.0
4681.113414079769	8.0
4681.437197453492	11.0
4681.7609594505375	8.0
4682.084700067245	7.0
4682.408419299952	7.0
4682.732117144997	10.0
4683.055793598719	9.0
4683.379448657457	9.0
4683.703082317548	7.0
4684.026694575333	7.0
4684.350285427147	7.0
4684.673854869331	6.0
4684.997402898222	6.0
4685.320929510161	6.0
4685.644434701483	5.0
4685.967918468528	6.0
4686.2913808076355	4.0
4686.614821715144	6.0
4686.93824118739	7.0
4687.261639220713	5.0
4687.585015811452	7.0
4687.9083709559445	6.0
4688.2317046505295	6.0
4688.555016891545	5.0
4688.878307675332	6.0
4689.201576998225	6.0
4689.524824856566	7.0
4689.84805124669	6.0
4690.171256164938	7.0
4690.494439607648	6.0
4690.817601571158	6.0
4691.140742051807	6.0
4691.463861045933	5.0
4691.786958549875	6.0
4692.110034559972	5.0
4692.4330890725605	6.0
4692.756122083981	6.0
4693.07913359057	6.0
4693.402123588668	6.0
4693.725092074612	5.0
4694.048039044741	6.0
4694.370964495393	6.0
4694.693868422909	7.0
4695.016750823624	7.0
4695.3396116938775	5.0
4695.662451030009	7.0
4695.985268828356	8.0
4696.308065085258	6.0
4696.630839797052	6.0
4696.953592960079	6.0
4697.276324570675	6.0
4697.599034625178	7.0
4697.921723119929	7.0
4698.244390051265	7.0
4698.5670354155245	5.0
4698.889659209046	4.0
4699.212261428168	6.0
4699.534842069229	6.0
4699.857401128569	7.0
4700.179938602524	7.0
4700.502454487433	7.0
4700.824948779636	9.0
4701.14742147547	22.0
4701.469872571273	42.0
4701.792302063385	44.0
4702.114709948145	46.0
4702.437096221889	47.0
4702.759460880959	50.0
4703.081803921689	46.0
4703.40412534042	39.0
4703.726425133491	25.0
4704.04870329724	15.0
4704.370959828005	13.0
4704.693194722124	10.0
4705.015407975936	9.0
4705.337599585781	9.0
4705.659769547996	8.0
4705.981917858919	8.0
4706.304044514888	7.0
4706.6261495122435	6.0
4706.948232847323	6.0
4707.270294516466	6.0
4707.592334516008	9.0
4707.914352842291	9.0
4708.236349491652	8.0
4708.558324460429	8.0
4708.88027774496	10.0
4709.202209341584	8.0
4709.524119246641	10.0
4709.846007456468	11.0
4710.1678739674035	10.0
4710.489718775787	9.0
4710.811541877956	9.0
4711.133343270249	10.0
4711.455122949004	11.0
4711.776880910561	10.0
4712.098617151257	9.0
4712.420331667431	7.0
4712.742024455422	8.0
4713.063695511568	6.0
4713.385344832208	6.0
4713.706972413679	7.0
4714.0285782523215	7.0
4714.350162344472	6.0
4714.67172468647	6.0
4714.993265274654	7.0
4715.314784105362	8.0
4715.636281174933	8.0
4715.957756479706	8.0
4716.279210016019	8.0
4716.600641780209	8.0
4716.922051768616	9.0
4717.243439977578	8.0
4717.564806403434	8.0
4717.886151042522	8.0
4718.2074738911815	9.0
4718.528774945749	8.0
4718.850054202565	9.0
4719.171311657967	10.0
4719.492547308292	10.0
4719.813761149881	10.0
4720.134953179072	10.0
4720.456123392202	15.0
4720.7772717856105	17.0
4721.098398355636	17.0
4721.419503098618	18.0
4721.740586010893	18.0
4722.0616470888	20.0
4722.382686328679	20.0
4722.703703726866	19.0
4723.0246992797	16.0
4723.345672983522	14.0
4723.666624834667	14.0
4723.987554829477	17.0
4724.308462964287	18.0
4724.629349235438	19.0
4724.9502136392675	26.0
4725.271056172114	39.0
4725.591876830315	114.0
4725.912675610211	283.0
4726.23345250814	372.0
4726.55420752044	398.0
4726.874940643449	402.0
4727.195651873505	386.0
4727.516341206948	380.0
4727.837008640116	342.0
4728.157654169348	201.0
4728.47827779098	72.0
4728.798879501353	34.0
4729.119459296805	27.0
4729.440017173675	22.0
4729.760553128301	18.0
4730.08106715702	20.0
4730.401559256171	21.0
4730.722029422094	29.0
4731.042477651126	58.0
4731.362903939606	76.0
4731.683308283874	83.0
4732.003690680267	83.0
4732.324051125122	87.0
4732.644389614779	83.0
4732.964706145578	78.0
4733.285000713855	55.0
4733.605273315949	30.0
4733.925523948199	19.0
4734.245752606943	22.0
4734.565959288521	46.0
4734.88614398927	116.0
4735.206306705528	177.0
4735.5264474336345	194.0
4735.846566169928	194.0
4736.166662910747	193.0
4736.486737652429	187.0
4736.8067903913125	176.0
4737.126821123738	119.0
4737.446829846042	48.0
4737.766816554564	24.0
4738.086781245642	16.0
4738.406723915613	13.0
4738.726644560818	13.0
4739.046543177595	11.0
4739.366419762281	12.0
4739.686274311216	12.0
4740.006106820739	10.0
4740.325917287186	11.0
4740.6457057068965	11.0
4740.965472076209	11.0
4741.285216391463	11.0
4741.604938648997	10.0
4741.9246388451475	9.0
4742.244316976255	9.0
4742.563973038657	10.0
4742.8836070286925	10.0
4743.203218942699	9.0
4743.522808777016	9.0
4743.84237652798	10.0
4744.161922191933	9.0
4744.48144576521	9.0
4744.800947244153	9.0
4745.120426625097	8.0
4745.439883904382	8.0
4745.759319078347	10.0
4746.07873214333	10.0
4746.398123095669	11.0
4746.717491931702	9.0
4747.036838647769	10.0
4747.356163240208	9.0
4747.675465705357	10.0
4747.994746039556	10.0
4748.314004239141	9.0
4748.633240300452	9.0
4748.952454219827	10.0
4749.271645993604	9.0
4749.590815618122	10.0
4749.909963089721	11.0
4750.229088404737	9.0
4750.548191559511	10.0
4750.867272550378	9.0
4751.186331373679	7.0
4751.505368025753	10.0
4751.824382502937	14.0
4752.14337480157	18.0
4752.462344917989	19.0
4752.7812928485355	19.0
4753.100218589547	17.0
4753.419122137359	20.0
4753.738003488314	18.0
4754.056862638748	18.0
4754.375699585	14.0
4754.694514323409	11.0
4755.013306850313	10.0
4755.33207716205	9.0
4755.650825254961	11.0
4755.969551125382	13.0
4756.288254769652	14.0
4756.606936184108	14.0
4756.925595365092	15.0
4757.244232308939	16.0
4757.56284701199	15.0
4757.881439470582	15.0
4758.200009681054	15.0
4758.518557639745	15.0
4758.837083342993	13.0
4759.155586787135	11.0
4759.474067968511	16.0
4759.792526883461	14.0
4760.110963528319	15.0
4760.429377899428	14.0
4760.747769993125	17.0
4761.066139805748	20.0
4761.384487333636	20.0
4761.702812573126	22.0
4762.021115520558	28.0
4762.33939617227	28.0
4762.657654524601	38.0
4762.975890573889	46.0
4763.294104316472	69.0
4763.61229574869	217.0
4763.930464866879	581.0
4764.24861166738	791.0
4764.56673614653	835.0
4764.884838300668	838.0
4765.202918126132	838.0
4765.520975619262	827.0
4765.839010776394	729.0
4766.157023593869	458.0
4766.4750140680235	153.0
4766.792982195197	59.0
4767.1109279717275	40.0
4767.428851393954	34.0
4767.746752458213	34.0
4768.064631160847	35.0
4768.38248749819	32.0
4768.700321466584	28.0
4769.018133062366	28.0
4769.335922281874	27.0
4769.653689121448	25.0
4769.971433577424	20.0
4770.289155646144	14.0
4770.606855323942	12.0
4770.92453260716	12.0
4771.242187492136	11.0
4771.559819975208	11.0
4771.877430052713	11.0
4772.195017720991	11.0
4772.51258297638	11.0
4772.83012581522	11.0
4773.147646233847	10.0
4773.465144228601	10.0
4773.78261979582	10.0
4774.100072931845	10.0
4774.41750363301	8.0
4774.734911895655	9.0
4775.05229771612	7.0
4775.369661090743	7.0
4775.68700201586	7.0
4776.004320487814	7.0
4776.321616502939	8.0
4776.638890057577	8.0
4776.9561411480645	8.0
4777.27336977074	8.0
4777.590575921942	8.0
4777.907759598011	8.0
4778.224920795282	8.0
4778.542059510096	6.0
4778.85917573879	7.0
4779.1762694777035	7.0
4779.4933407231765	7.0
4779.810389471544	6.0
4780.1274157191465	6.0
4780.444419462322	6.0
4780.761400697409	6.0
4781.078359420746	7.0
4781.395295628672	7.0
4781.712209317525	6.0
4782.029100483644	5.0
4782.345969123367	6.0
4782.662815233031	7.0
4782.979638808976	7.0
4783.2964398475415	7.0
4783.6132183450645	6.0
4783.929974297884	6.0
4784.2467077023375	8.0
4784.563418554765	7.0
4784.880106851505	5.0
4785.196772588894	8.0
4785.513415763273	7.0
4785.830036370979	8.0
4786.146634408349	7.0
4786.463209871725	8.0
4786.779762757442	7.0
4787.096293061841	8.0
4787.412800781261	7.0
4787.729285912037	7.0
4788.0457484505105	5.0
4788.362188393018	6.0
4788.6786057358995	5.0
4788.995000475493	5.0
4789.3113726081365	6.0
4789.62772213017	8.0
4789.944049037931	6.0
4790.260353327756	6.0
4790.576634995987	7.0
4790.89289403896	7.0
4791.209130453014	8.0
4791.525344234488	8.0
4791.841535379721	11.0
4792.157703885049	8.0
4792.473849746814	9.0
4792.789972961352	10.0
4793.106073525002	11.0
4793.4221514341025	10.0
4793.738206684992	9.0
4794.054239274009	8.0
4794.370249197492	7.0
4794.686236451779	6.0
4795.00220103321	6.0
4795.318142938123	5.0
4795.634062162855	5.0
4795.949958703745	6.0
4796.265832557132	6.0
4796.581683719354	6.0
4796.897512186751	7.0
4797.2133179556595	6.0
4797.529101022418	7.0
4797.844861383368	6.0
4798.1605990348435	8.0
4798.476313973187	8.0
4798.792006194733	10.0
4799.107675695824	8.0
4799.423322472795	7.0
4799.738946521987	5.0
4800.054547839737	8.0
4800.3701264223855	7.0
4800.6856822662685	6.0
4801.001215367725	7.0
4801.316725723094	8.0
4801.632213328715	7.0
4801.947678180924	9.0
4802.263120276061	9.0
4802.578539610466	10.0
4802.893936180474	8.0
4803.209309982427	11.0
4803.5246610126605	12.0
4803.839989267514	14.0
4804.155294743327	15.0
4804.470577436437	24.0
4804.785837343183	64.0
4805.1010744599025	181.0
4805.416288782934	257.0
4805.731480308618	284.0
4806.046649033292	287.0
4806.361794953293	279.0
4806.67691806496	281.0
4806.992018364633	260.0
4807.307095848648	180.0
4807.622150513346	73.0
4807.937182355065	28.0
4808.252191370142	17.0
4808.567177554917	13.0
4808.882140905727	12.0
4809.197081418912	10.0
4809.51199909081	10.0
4809.826893917758	9.0
4810.141765896096	8.0
4810.456615022163	9.0
4810.771441292297	8.0
4811.086244702836	7.0
4811.4010252501175	8.0
4811.7157829304815	6.0
4812.030517740267	7.0
4812.3452296758105	6.0
4812.659918733451	5.0
4812.974584909529	6.0
4813.289228200381	5.0
4813.603848602346	7.0
4813.918446111763	6.0
4814.233020724969	6.0
4814.547572438303	5.0
4814.862101248104	4.0
4815.176607150711	5.0
4815.491090142462	5.0
4815.805550219695	5.0
4816.119987378749	4.0
4816.434401615961	4.0
4816.748792927671	4.0
4817.063161310218	4.0
4817.377506759939	5.0
4817.691829273173	4.0
4818.006128846259	4.0
4818.320405475535	5.0
4818.634659157341	5.0
4818.948889888013	4.0
4819.263097663889	3.0
4819.57728248131	4.0
4819.891444336614	4.0
4820.205583226138	5.0
4820.519699146222	6.0
4820.833792093204	5.0
4821.147862063421	5.0
4821.461909053215	5.0
4821.775933058921	5.0
4822.089934076878	6.0
4822.403912103427	4.0
4822.717867134903	4.0
4823.031799167647	3.0
4823.345708197997	5.0
4823.65959422229	3.0
4823.973457236867	5.0
4824.287297238065	4.0
4824.601114222221	3.0
4824.914908185677	3.0
4825.228679124768	5.0
4825.542427035834	4.0
4825.8561519152145	4.0
4826.169853759246	4.0
4826.483532564269	4.0
4826.79718832662	4.0
4827.110821042638	5.0
4827.424430708663	3.0
4827.738017321031	4.0
4828.051580876083	3.0
4828.365121370155	3.0
4828.678638799588	3.0
4828.992133160719	4.0
4829.305604449886	5.0
4829.619052663428	5.0
4829.932477797684	3.0
4830.245879848992	5.0
4830.5592588136915	6.0
4830.872614688119	6.0
4831.185947468614	5.0
4831.499257151515	6.0
4831.812543733162	6.0
4832.12580720989	5.0
4832.43904757804	5.0
4832.75226483395	4.0
4833.065458973959	4.0
4833.378629994403	5.0
4833.691777891624	5.0
4834.004902661958	6.0
4834.3180043017455	6.0
4834.631082807323	7.0
4834.944138175029	5.0
4835.257170401203	6.0
4835.570179482183	7.0
4835.883165414309	8.0
4836.196128193917	8.0
4836.509067817346	8.0
4836.821984280936	7.0
4837.134877581025	9.0
4837.44774771395	8.0
4837.7605946760505	7.0
4838.073418463665	6.0
4838.3862190731315	4.0
4838.69899650079	2.0
4839.011750742977	4.0
4839.324481796032	5.0
4839.637189656295	3.0
4839.949874320101	4.0
4840.262535783791	5.0
4840.575174043702	5.0
4840.887789096174	5.0
4841.200380937544	4.0
4841.512949564151	4.0
4841.825494972334	3.0
4842.138017158432	5.0
4842.450516118783	7.0
4842.762991849723	5.0
4843.075444347594	5.0
4843.387873608733	4.0
4843.700279629477	5.0
4844.012662406168	6.0
4844.32502193514	7.0
4844.637358212737	6.0
4844.949671235293	5.0
4845.261960999147	6.0
4845.574227500639	7.0
4845.886470736106	8.0
4846.198690701889	11.0
4846.510887394324	20.0
4846.823060809749	54.0
4847.135210944506	104.0
4847.44733779493	127.0
4847.759441357361	128.0
4848.071521628137	127.0
4848.383578603596	128.0
4848.6956122800775	126.0
4849.0076226539195	105.0
4849.31960972146	60.0
4849.631573479039	23.0
4849.9435139229945	11.0
4850.2554310496635	7.0
4850.567324855385	4.0
4850.879195336499	5.0
4851.191042489342	7.0
4851.502866310254	6.0
4851.814666795572	5.0
4852.126443941635	4.0
4852.438197744784	4.0
4852.749928201354	5.0
4853.061635307685	4.0
4853.373319060114	6.0
4853.684979454982	4.0
4853.996616488625	6.0
4854.308230157383	4.0
4854.619820457594	5.0
4854.931387385598	4.0
4855.242930937731	5.0
4855.554451110333	5.0
4855.865947899741	6.0
4856.1774213022945	4.0
4856.488871314333	5.0
4856.800297932193	4.0
4857.111701152214	4.0
4857.423080970734	4.0
4857.734437384093	4.0
4858.045770388629	4.0
4858.357079980678	4.0
4858.66836615658	4.0
4858.979628912675	3.0
4859.2908682453	4.0
4859.602084150793	5.0
4859.913276625494	3.0
4860.224445665741	5.0
4860.5355912678715	3.0
4860.846713428225	4.0
4861.1578121431385	4.0
4861.468887408952	4.0
4861.779939222003	4.0
4862.0909675786315	5.0
4862.401972475174	4.0
4862.712953907972	4.0
4863.023911873361	4.0
4863.334846367679	5.0
4863.645757387267	5.0
4863.956644928461	4.0
4864.267508987602	5.0
4864.578349561028	5.0
4864.889166645075	8.0
4865.199960236085	15.0
4865.510730330394	18.0
4865.8214769243405	15.0
4866.1322000142645	17.0
4866.442899596504	18.0
4866.753575667395	18.0
4867.06422822328	20.0
4867.3748572604945	16.0
4867.685462775378	10.0
4867.996044764272	8.0
4868.306603223508	9.0
4868.6171381494305	9.0
4868.927649538376	6.0
4869.238137386682	5.0
4869.548601690688	5.0
4869.859042446732	6.0
4870.169459651153	5.0
4870.479853300291	6.0
4870.7902233904815	6.0
4871.100569918064	6.0
4871.410892879378	5.0
4871.72119227076	6.0
4872.03146808855	6.0
4872.3417203290865	8.0
4872.651948988708	7.0
4872.962154063753	6.0
4873.272335550558	7.0
4873.582493445464	7.0
4873.892627744808	7.0
4874.202738444929	9.0
4874.512825542166	8.0
4874.822889032856	8.0
4875.132928913339	10.0
4875.442945179953	16.0
4875.752937829037	21.0
4876.062906856929	24.0
4876.372852259966	24.0
4876.682774034488	27.0
4876.992672176833	30.0
4877.302546683341	30.0
4877.612397550349	29.0
4877.922224774195	28.0
4878.232028351219	31.0
4878.541808277758	52.0
4878.85156455015	144.0
4879.161297164736	334.0
4879.471006117853	447.0
4879.780691405839	474.0
4880.090353025033	484.0
4880.399990971774	498.0
4880.7096052424	475.0
4881.01919583325	421.0
4881.328762740661	287.0
4881.638305960972	123.0
4881.9478254905225	50.0
4882.25732132565	32.0
4882.566793462693	26.0
4882.87624189799	22.0
4883.185666627882	22.0
4883.495067648703	19.0
4883.804444956795	15.0
4884.113798548494	11.0
4884.4231284201405	11.0
4884.732434568072	11.0
4885.041716988626	8.0
4885.350975678143	10.0
4885.660210632961	10.0
4885.969421849418	9.0
4886.278609323852	12.0
4886.587773052602	14.0
4886.8969130320065	16.0
4887.206029258404	20.0
4887.515121728133	27.0
4887.824190437531	32.0
4888.1332353829375	54.0
4888.442256560693	81.0
4888.751253967132	100.0
4889.060227598595	103.0
4889.369177451419	98.0
4889.678103521945	87.0
4889.98700580651	80.0
4890.295884301453	68.0
4890.604739003112	45.0
4890.913569907825	18.0
4891.222377011932	8.0
4891.53116031177	8.0
4891.839919803679	7.0
4892.148655483995	6.0
4892.457367349058	6.0
4892.766055395207	6.0
4893.07471961878	7.0
4893.383360016115	6.0
4893.691976583553	6.0
4894.000569317428	8.0
4894.309138214082	8.0
4894.617683269851	10.0
4894.926204481076	10.0
4895.234701844093	9.0
4895.543175355243	10.0
4895.851625010862	8.0
4896.160050807292	8.0
4896.468452740867	5.0
4896.7768308079285	4.0
4897.085185004814	4.0
4897.393515327862	4.0
4897.70182177341	3.0
4898.010104337799	3.0
4898.318363017365	3.0
4898.626597808448	3.0
4898.934808707387	3.0
4899.242995710518	2.0
4899.551158814181	5.0
4899.859298014714	4.0
4900.167413308457	2.0
4900.475504691746	2.0
4900.783572160922	3.0
4901.091615712323	4.0
4901.399635342285	3.0
4901.707631047148	2.0
4902.015602823252	3.0
4902.323550666933	4.0
4902.631474574532	3.0
4902.939374542385	5.0
4903.247250566832	4.0
4903.555102644211	6.0
4903.862930770862	10.0
4904.17073494312	21.0
4904.478515157326	25.0
4904.786271409818	26.0
4905.094003696934	25.0
4905.401712015014	24.0
4905.709396360395	22.0
4906.017056729415	20.0
4906.324693118415	14.0
4906.632305523731	6.0
4906.9398939417015	4.0
4907.247458368666	3.0
4907.554998800963	2.0
4907.8625152349305	3.0
4908.170007666908	3.0
4908.477476093232	4.0
4908.784920510244	3.0
4909.092340914279	2.0
4909.399737301677	2.0
4909.707109668778	4.0
4910.014458011918	2.0
4910.321782327435	2.0
4910.629082611671	2.0
4910.936358860962	2.0
4911.243611071647	2.0
4911.550839240065	3.0
4911.858043362553	2.0
4912.165223435451	2.0
4912.4723794550955	2.0
4912.779511417827	2.0
4913.086619319984	2.0
4913.393703157903	2.0
4913.700762927924	3.0
4914.007798626387	3.0
4914.314810249627	2.0
4914.621797793984	3.0
4914.928761255797	4.0
4915.235700631404	4.0
4915.542615917144	1.0
4915.849507109354	0.0
4916.1563742043745	2.0
4916.463217198543	2.0
4916.770036088198	3.0
4917.076830869677	1.0
4917.38360153932	1.0
4917.690348093465	0.0
4917.99707052845	0.0
4918.303768840615	0.0
4918.610443026296	0.0
4918.917093081834	0.0
