4046.313648435447	16.0
4046.674189510602	12.0
4047.0347180691388	9.0
4047.395234106697	6.0
4047.7557376189143	8.0
4048.1162286014296	8.0
4048.4767070498833	6.0
4048.8371729599144	6.0
4049.19762632716	7.0
4049.5580671472603	7.0
4049.9184954158545	9.0
4050.2789111285824	8.0
4050.639314281081	11.0
4050.9997048689906	12.0
4051.36008288795	18.0
4051.720448333598	53.0
4052.080801201574	79.0
4052.4411414875162	84.0
4052.8014691870653	85.0
4053.1617842958585	78.0
4053.522086809535	78.0
4053.8823767237345	63.0
4054.2426540340966	26.0
4054.6029187362587	11.0
4054.9631708258607	9.0
4055.3234102985416	7.0
4055.683637149941	8.0
4056.0438513756962	8.0
4056.4040529714475	6.0
4056.764241932834	5.0
4057.1244182554947	5.0
4057.4845819350676	7.0
4057.844732967192	6.0
4058.204871347508	3.0
4058.564997071654	6.0
4058.9251101352684	5.0
4059.2852105339907	4.0
4059.64529826346	4.0
4060.0053733193163	6.0
4060.3654356971965	5.0
4060.7254853927407	5.0
4061.0855224015877	6.0
4061.4455467193775	6.0
4061.805558341747	7.0
4062.165557264337	7.0
4062.525543482787	7.0
4062.8855169927338	5.0
4063.2454777898174	4.0
4063.6054258696777	7.0
4063.965361227953	5.0
4064.325283860282	7.0
4064.6851937623037	6.0
4065.045090929658	5.0
4065.404975357984	4.0
4065.7648470429185	4.0
4066.1247059801026	7.0
4066.484552165175	5.0
4066.844385593775	6.0
4067.20420626154	7.0
4067.5640141641106	7.0
4067.923809297125	7.0
4068.2835916562235	8.0
4068.6433612370433	9.0
4069.003118035224	10.0
4069.362862046405	9.0
4069.722593266226	15.0
4070.082311690324	17.0
4070.4420173143394	28.0
4070.801710133911	89.0
4071.1613901446785	148.0
4071.521057342279	170.0
4071.880711722353	169.0
4072.24035328054	169.0
4072.599982012478	171.0
4072.9595979138053	131.0
4073.3192009801623	60.0
4073.678791207188	21.0
4074.0383685905203	17.0
4074.3979331257988	12.0
4074.7574848086624	12.0
4075.1170236347516	11.0
4075.4765495997026	18.0
4075.836062699156	25.0
4076.195562928751	26.0
4076.555050284127	27.0
4076.9145247609213	29.0
4077.273986354774	26.0
4077.633435061324	22.0
4077.992870876211	16.0
4078.3522937950725	22.0
4078.7117038135484	27.0
4079.0711009272773	30.0
4079.4304851319002	45.0
4079.7898564230527	61.0
4080.1492147963763	67.0
4080.5085602475096	56.0
4080.8678927720907	50.0
4081.227212365759	53.0
4081.586519024154	47.0
4081.945812742915	25.0
4082.30509351768	18.0
4082.6643613440874	16.0
4083.023616217778	19.0
4083.3828581343905	17.0
4083.742087089563	9.0
4084.1013030789345	7.0
4084.460506098145	6.0
4084.8196961428334	6.0
4085.1788732086375	6.0
4085.538037291197	5.0
4085.897188386151	7.0
4086.2563264891396	6.0
4086.6154515957996	6.0
4086.974563701771	6.0
4087.3336628026927	5.0
4087.6927488942056	6.0
4088.0518219719456	5.0
4088.4108820315532	4.0
4088.7699290686674	8.0
4089.128963078928	6.0
4089.487984057972	5.0
4089.84699200144	6.0
4090.2059869049713	4.0
4090.564968764203	8.0
4090.9239375747757	5.0
4091.282893332328	5.0
4091.6418360324997	6.0
4092.000765670928	6.0
4092.359682243253	6.0
4092.7185857451136	6.0
4093.07747617215	7.0
4093.4363535199986	5.0
4093.7952177843003	5.0
4094.1540689606936	5.0
4094.5129070448183	5.0
4094.8717320323117	5.0
4095.230543918814	5.0
4095.5893426999637	6.0
4095.9481283714013	11.0
4096.306900928764	13.0
4096.665660367691	15.0
4097.024406683821	15.0
4097.383139872796	16.0
4097.741859930251	17.0
4098.100566851827	10.0
4098.459260633163	8.0
4098.817941269898	10.0
4099.176608757671	8.0
4099.53526309212	7.0
4099.893904268885	9.0
4100.2525322836045	8.0
4100.611147131918	6.0
4100.969748809464	8.0
4101.328337311883	9.0
4101.686912634812	8.0
4102.04547477389	10.0
4102.404023724758	20.0
4102.762559483054	58.0
4103.121082044417	81.0
4103.479591404484	80.0
4103.838087558897	84.0
4104.196570503295	85.0
4104.555040233315	82.0
4104.913496744596	55.0
4105.271940032779	19.0
4105.630370093502	11.0
4105.988786922403	10.0
4106.347190515123	9.0
4106.7055808672985	6.0
4107.063957974571	6.0
4107.422321832579	6.0
4107.780672436959	6.0
4108.139009783354	7.0
4108.4973338674	6.0
4108.855644684737	7.0
4109.213942231004	7.0
4109.57222650184	6.0
4109.930497492885	6.0
4110.288755199775	7.0
4110.646999618151	5.0
4111.0052307436545	6.0
4111.36344857192	6.0
4111.72165309859	9.0
4112.0798443193	9.0
4112.438022229693	10.0
4112.796186825405	10.0
4113.1543381020765	9.0
4113.512476055345	9.0
4113.8706006808525	10.0
4114.228711974235	8.0
4114.586809931133	6.0
4114.944894547184	6.0
4115.302965818029	5.0
4115.661023739307	7.0
4116.019068306655	9.0
4116.377099515713	6.0
4116.735117362121	8.0
4117.093121841516	8.0
4117.451112949539	8.0
4117.809090681829	6.0
4118.167055034022	5.0
4118.525006001761	7.0
4118.882943580681	5.0
4119.240867766426	6.0
4119.59877855463	6.0
4119.956675940935	6.0
4120.314559920979	7.0
4120.672430490403	8.0
4121.030287644842	6.0
4121.388131379938	6.0
4121.745961691329	8.0
4122.103778574656	6.0
4122.461582025554	6.0
4122.819372039665	6.0
4123.177148612627	8.0
4123.53491174008	8.0
4123.892661417662	8.0
4124.250397641012	6.0
4124.608120405769	6.0
4124.965829707574	8.0
4125.323525542063	7.0
4125.681207904876	8.0
4126.038876791653	8.0
4126.396532198033	9.0
4126.754174119654	10.0
4127.111802552154	11.0
4127.469417491175	14.0
4127.827018932354	15.0
4128.184606871329	15.0
4128.542181303742	17.0
4128.8997422252305	16.0
4129.257289631432	19.0
4129.614823517988	22.0
4129.972343880536	27.0
4130.3298507147165	66.0
4130.687344016166	175.0
4131.044823780526	223.0
4131.402290003433	232.0
4131.75974268053	227.0
4132.117181807452	232.0
4132.474607379839	204.0
4132.8320193933305	126.0
4133.189417843567	37.0
4133.546802726184	19.0
4133.904174036824	16.0
4134.261531771123	12.0
4134.618875924723	12.0
4134.976206493261	12.0
4135.333523472376	11.0
4135.69082685771	11.0
4136.048116644897	11.0
4136.405392829579	9.0
4136.762655407395	8.0
4137.119904373983	8.0
4137.477139724983	8.0
4137.834361456034	7.0
4138.191569562774	9.0
4138.548764040844	10.0
4138.90594488588	8.0
4139.263112093523	8.0
4139.620265659411	10.0
4139.977405579185	8.0
4140.334531848482	8.0
4140.691644462941	9.0
4141.048743418202	8.0
4141.405828709905	8.0
4141.762900333687	7.0
4142.119958285187	9.0
4142.477002560045	9.0
4142.8340331539	10.0
4143.191050062391	8.0
4143.548053281156	8.0
4143.9050428058345	9.0
4144.262018632067	9.0
4144.61898075549	9.0
4144.975929171745	9.0
4145.332863876469	10.0
4145.689784865302	9.0
4146.046692133882	8.0
4146.403585677849	9.0
4146.760465492843	7.0
4147.117331574501	8.0
4147.474183918463	9.0
4147.831022520367	8.0
4148.187847375853	9.0
4148.54465848056	8.0
4148.901455830128	11.0
4149.258239420193	11.0
4149.615009246398	10.0
4149.971765304378	11.0
4150.328507589774	11.0
4150.685236098226	9.0
4151.041950825371	12.0
4151.398651766849	11.0
4151.755338918299	10.0
4152.11201227536	11.0
4152.468671833672	12.0
4152.82531758887	13.0
4153.181949536598	13.0
4153.538567672493	14.0
4153.895171992194	15.0
4154.251762491339	16.0
4154.608339165568	18.0
4154.964902010522	23.0
4155.321451021836	29.0
4155.677986195151	30.0
4156.034507526107	37.0
4156.391015010342	43.0
4156.747508643494	56.0
4157.103988421203	111.0
4157.460454339109	317.0
4157.81690639285	489.0
4158.173344578064	506.0
4158.529768890391	510.0
4158.886179325471	510.0
4159.242575878942	483.0
4159.598958546443	332.0
4159.955327323612	105.0
4160.31168220609	44.0
4160.668023189516	33.0
4161.024350269527	27.0
4161.380663441763	22.0
4161.736962701863	23.0
4162.093248045468	22.0
4162.449519468213	22.0
4162.805776965739	36.0
4163.162020533687	64.0
4163.518250167693	78.0
4163.874465863397	77.0
4164.230667616438	73.0
4164.586855422456	76.0
4164.943029277089	73.0
4165.299189175976	43.0
4165.655335114756	19.0
4166.011467089069	14.0
4166.367585094552	14.0
4166.723689126846	14.0
4167.0797791815885	12.0
4167.435855254421	12.0
4167.791917340979	11.0
4168.147965436904	10.0
4168.503999537834	12.0
4168.860019639409	11.0
4169.216025737266	13.0
4169.572017827046	11.0
4169.927995904387	13.0
4170.283959964929	10.0
4170.639910004309	12.0
4170.995846018169	10.0
4171.351768002145	11.0
4171.707675951879	10.0
4172.063569863006	9.0
4172.419449731168	11.0
4172.775315552005	12.0
4173.131167321153	10.0
4173.487005034252	11.0
4173.842828686942	9.0
4174.198638274862	11.0
4174.55443379365	12.0
4174.910215238944	10.0
4175.2659826063855	10.0
4175.621735891614	10.0
4175.977475090264	10.0
4176.333200197979	11.0
4176.688911210396	11.0
4177.044608123156	10.0
4177.400290931895	14.0
4177.7559596322535	13.0
4178.11161421987	16.0
4178.467254690386	19.0
4178.822881039436	19.0
4179.178493262662	20.0
4179.534091355704	22.0
4179.889675314199	20.0
4180.245245133786	24.0
4180.600800810104	48.0
4180.956342338793	86.0
4181.311869715492	97.0
4181.66738293584	97.0
4182.022881995474	101.0
4182.378366890036	94.0
4182.733837615163	79.0
4183.089294166494	46.0
4183.444736539669	22.0
4183.800164730327	19.0
4184.155578734107	16.0
4184.510978546647	15.0
4184.866364163586	15.0
4185.221735580564	15.0
4185.57709279322	16.0
4185.932435797193	15.0
4186.28776458812	13.0
4186.643079161644	14.0
4186.9983795134	14.0
4187.353665639029	16.0
4187.708937534169	17.0
4188.064195194462	18.0
4188.419438615542	21.0
4188.774667793052	27.0
4189.129882722629	33.0
4189.485083399914	78.0
4189.840269820545	148.0
4190.195441980159	182.0
4190.550599874398	198.0
4190.905743498899	197.0
4191.260872849301	192.0
4191.6159879212455	170.0
4191.971088710369	106.0
4192.326175212312	47.0
4192.681247422712	27.0
4193.036305337208	24.0
4193.391348951442	22.0
4193.746378261049	25.0
4194.10139326167	23.0
4194.456393948944	25.0
4194.811380318511	22.0
4195.166352366007	27.0
4195.521310087074	27.0
4195.87625347735	30.0
4196.231182532473	38.0
4196.586097248083	50.0
4196.940997619819	135.0
4197.29588364332	349.0
4197.6507553142255	425.0
4198.005612628173	447.0
4198.360455580803	444.0
4198.715284167753	448.0
4199.0700983846655	443.0
4199.424898227175	421.0
4199.779683690922	447.0
4200.134454771547	459.0
4200.489211464687	445.0
4200.843953765982	458.0
4201.198681671071	448.0
4201.553395175594	382.0
4201.908094275188	174.0
4202.262778965493	69.0
4202.617449242149	53.0
4202.972105100794	45.0
4203.326746537065	33.0
4203.681373546605	29.0
4204.03598612505	28.0
4204.3905842680415	24.0
4204.745167971216	22.0
4205.099737230213	18.0
4205.454292040672	17.0
4205.808832398234	18.0
4206.163358298534	17.0
4206.517869737214	18.0
4206.872366709912	14.0
4207.226849212268	16.0
4207.5813172399185	16.0
4207.935770788505	12.0
4208.290209853666	13.0
4208.644634431039	14.0
4208.999044516265	14.0
4209.353440104982	14.0
4209.707821192829	13.0
4210.062187775446	12.0
4210.416539848469	14.0
4210.770877407541	9.0
4211.125200448299	5.0
4211.479508966382	12.0
4211.833802957429	11.0
4212.188082417079	12.0
4212.542347340972	11.0
4212.896597724746	12.0
4213.25083356404	10.0
4213.605054854493	12.0
4213.959261591745	10.0
4214.313453771434	12.0
4214.6676313891985	12.0
4215.021794440679	14.0
4215.375942921514	12.0
4215.730076827342	13.0
4216.084196153802	16.0
4216.438300896533	21.0
4216.792391051175	19.0
4217.146466613367	23.0
4217.500527578746	29.0
4217.854573942954	32.0
4218.208605701626	30.0
4218.562622850404	26.0
4218.916625384927	24.0
4219.270613300834	20.0
4219.624586593763	20.0
4219.978545259352	13.0
4220.332489293242	9.0
4220.686418691073	11.0
4221.040333448481	10.0
4221.394233561106	19.0
4221.748119024588	25.0
4222.101989834567	28.0
4222.4558459866785	25.0
4222.809687476563	31.0
4223.163514299861	26.0
4223.517326452211	26.0
4223.871123929251	19.0
4224.224906726619	12.0
4224.578674839957	13.0
4224.932428264903	13.0
4225.286166997094	15.0
4225.639891032171	24.0
4225.993600365773	36.0
4226.3472949935385	41.0
4226.700974911107	53.0
4227.0546401141155	79.0
4227.408290598206	95.0
4227.761926359015	94.0
4228.115547392183	78.0
4228.469153693348	77.0
4228.8227452581505	73.0
4229.176322082229	64.0
4229.52988416122	34.0
4229.883431490766	29.0
4230.236964066506	28.0
4230.590481884075	25.0
4230.943984939116	17.0
4231.297473227266	14.0
4231.650946744166	10.0
4232.004405485452	13.0
4232.357849446765	14.0
4232.711278623744	12.0
4233.064693012027	12.0
4233.418092607255	12.0
4233.771477405065	10.0
4234.124847401096	12.0
4234.478202590989	13.0
4234.831542970381	13.0
4235.184868534911	15.0
4235.538179280221	16.0
4235.8914752019455	36.0
4236.244756295727	71.0
4236.598022557202	80.0
4236.951273982012	85.0
4237.304510565795	79.0
4237.657732304188	85.0
4238.010939192833	77.0
4238.364131227368	43.0
4238.717308403431	19.0
4239.070470716662	14.0
4239.4236181627	13.0
4239.776750737185	12.0
4240.1298684357525	10.0
4240.482971254045	11.0
4240.8360591877	10.0
4241.189132232358	10.0
4241.542190383656	10.0
4241.895233637233	10.0
4242.24826198873	13.0
4242.601275433785	10.0
4242.954273968036	11.0
4243.307257587123	8.0
4243.660226286685	11.0
4244.013180062362	11.0
4244.366118909791	11.0
4244.719042824612	10.0
4245.071951802464	10.0
4245.424845838986	10.0
4245.777724929817	11.0
4246.130589070595	10.0
4246.483438256962	11.0
4246.836272484553	13.0
4247.18909174901	10.0
4247.54189604597	12.0
4247.894685371074	10.0
4248.24745971996	12.0
4248.600219088266	11.0
4248.952963471633	13.0
4249.305692865699	11.0
4249.658407266103	15.0
4250.011106668483	25.0
4250.36379106848	33.0
4250.716460461733	37.0
4251.069114843878	39.0
4251.421754210557	36.0
4251.7743785574075	33.0
4252.12698788007	32.0
4252.479582174183	20.0
4252.832161435384	16.0
4253.184725659313	14.0
4253.53727484161	14.0
4253.889808977913	15.0
4254.24232806386	15.0
4254.594832095094	20.0
4254.947321067249	17.0
4255.299794975966	19.0
4255.652253816884	20.0
4256.004697585643	20.0
4256.3571262778805	25.0
4256.709539889236	24.0
4257.061938415349	26.0
4257.414321851859	34.0
4257.766690194404	65.0
4258.119043438623	199.0
4258.471381580154	380.0
4258.823704614639	413.0
4259.176012537714	427.0
4259.52830534502	427.0
4259.880583032194	410.0
4260.232845594879	340.0
4260.585093028709	168.0
4260.937325329325	48.0
4261.289542492367	35.0
4261.641744513475	30.0
4261.993931388284	25.0
4262.346103112436	25.0
4262.69825968157	24.0
4263.050401091323	22.0
4263.402527337336	22.0
4263.754638415247	24.0
4264.106734320697	23.0
4264.458815049321	26.0
4264.810880596761	47.0
4265.162930958656	112.0
4265.514966130645	182.0
4265.866986108365	197.0
4266.218990887457	199.0
4266.570980463559	199.0
4266.922954832311	194.0
4267.274913989351	149.0
4267.626857930319	73.0
4267.978786650852	38.0
4268.330700146593	26.0
4268.6825984131765	26.0
4269.034481446243	26.0
4269.386349241433	26.0
4269.7382017943855	25.0
4270.090039100736	27.0
4270.441861156128	37.0
4270.793667956197	82.0
4271.145459496585	197.0
4271.497235772928	242.0
4271.848996780867	244.0
4272.200742516042	247.0
4272.552472974089	244.0
4272.904188150649	226.0
4273.25588804136	153.0
4273.607572641863	53.0
4273.959241947794	42.0
4274.310895954794	42.0
4274.6625346585015	46.0
4275.014158054557	41.0
4275.365766138596	50.0
4275.71735890626	67.0
4276.068936353188	140.0
4276.4204984750195	399.0
4276.772045267392	551.0
4277.123576725945	589.0
4277.475092846317	601.0
4277.826593624149	586.0
4278.178079055077	558.0
4278.529549134743	402.0
4278.881003858784	135.0
4279.232443222841	50.0
4279.58386722255	37.0
4279.935275853552	32.0
4280.286669111486	29.0
4280.638046991991	24.0
4280.989409490706	25.0
4281.340756603268	22.0
4281.692088325321	27.0
4282.043404652498	32.0
4282.394705580441	33.0
4282.745991104789	33.0
4283.097261221182	28.0
4283.448515925256	28.0
4283.799755212653	26.0
4284.15097907901	22.0
4284.502187519967	14.0
4284.853380531163	16.0
4285.204558108237	15.0
4285.555720246826	15.0
4285.906866942573	17.0
4286.257998191114	14.0
4286.609113988089	14.0
4286.960214329137	15.0
4287.311299209897	13.0
4287.662368626007	14.0
4288.013422573107	12.0
4288.364461046836	11.0
4288.715484042835	12.0
4289.066491556739	13.0
4289.417483584189	11.0
4289.768460120824	9.0
4290.119421162282	10.0
4290.470366704204	11.0
4290.821296742228	11.0
4291.172211271993	12.0
4291.523110289138	11.0
4291.873993789301	11.0
4292.224861768122	12.0
4292.5757142212415	11.0
4292.926551144295	11.0
4293.277372532924	11.0
4293.628178382768	14.0
4293.978968689465	12.0
4294.329743448653	13.0
4294.680502655972	10.0
4295.031246307062	12.0
4295.381974397561	11.0
4295.732686923107	13.0
4296.0833838793405	13.0
4296.4340652619	13.0
4296.784731066426	14.0
4297.1353812885545	18.0
4297.486015923926	19.0
4297.83663496818	24.0
4298.187238416956	26.0
4298.5378262658905	37.0
4298.888398510625	95.0
4299.238955146798	164.0
4299.589496170047	188.0
4299.940021576012	198.0
4300.290531360333	196.0
4300.641025518649	193.0
4300.991504046597	156.0
4301.341966939817	85.0
4301.692414193948	36.0
4302.042845804631	22.0
4302.393261767502	19.0
4302.7436620782	14.0
4303.094046732366	15.0
4303.444415725639	14.0
4303.794769053657	12.0
4304.145106712059	10.0
4304.495428696484	11.0
4304.845735002572	12.0
4305.19602562596	10.0
4305.546300562289	14.0
4305.896559807197	10.0
4306.246803356324	12.0
4306.597031205308	13.0
4306.947243349788	13.0
4307.297439785402	14.0
4307.647620507792	17.0
4307.997785512595	39.0
4308.347934795451	59.0
4308.698068351998	67.0
4309.048186177874	67.0
4309.3982882687205	69.0
4309.748374620175	65.0
4310.098445227878	53.0
4310.448500087466	28.0
4310.7985391945795	14.0
4311.148562544858	10.0
4311.498570133939	12.0
4311.848561957463	10.0
4312.198538011068	9.0
4312.548498290394	11.0
4312.89844279108	11.0
4313.248371508763	12.0
4313.598284439084	11.0
4313.948181577681	8.0
4314.298062920195	9.0
4314.647928462262	12.0
4314.997778199522	8.0
4315.347612127615	11.0
4315.69743024218	10.0
4316.0472325388555	11.0
4316.39701901328	10.0
4316.746789661094	12.0
4317.096544477935	10.0
4317.446283459442	9.0
4317.796006601255	10.0
4318.145713899013	9.0
4318.495405348353	9.0
4318.845080944917	9.0
4319.194740684342	10.0
4319.544384562268	9.0
4319.894012574333	9.0
4320.243624716177	11.0
4320.593220983437	10.0
4320.942801371756	11.0
4321.2923658767695	10.0
4321.641914494117	8.0
4321.991447219439	8.0
4322.340964048374	9.0
4322.69046497656	10.0
4323.0399499996365	9.0
4323.389419113242	11.0
4323.738872313018	10.0
4324.088309594601	9.0
4324.437730953629	10.0
4324.787136385745	11.0
4325.136525886585	13.0
4325.485899451788	12.0
4325.835257076994	11.0
4326.184598757843	11.0
4326.5339244899715	13.0
4326.883234269019	12.0
4327.232528090626	15.0
4327.581805950432	13.0
4327.9310678440725	15.0
4328.28031376719	17.0
4328.629543715421	18.0
4328.978757684408	18.0
4329.327955669787	20.0
4329.677137667197	37.0
4330.026303672278	83.0
4330.375453680669	131.0
4330.724587688009	142.0
4331.073705689937	157.0
4331.422807682091	158.0
4331.771893660112	165.0
4332.120963619637	168.0
4332.470017556306	197.0
4332.819055465758	224.0
4333.168077343632	221.0
4333.517083185567	213.0
4333.866072987201	212.0
4334.215046744173	234.0
4334.564004452126	213.0
4334.912946106693	118.0
4335.2618717035175	96.0
4335.610781238237	93.0
4335.95967470649	95.0
4336.308552103916	82.0
4336.657413426154	49.0
4337.006258668843	39.0
4337.355087827622	33.0
4337.703900898129	32.0
4338.0526978760045	26.0
4338.401478756888	20.0
4338.750243536417	16.0
4339.09899221023	16.0
4339.447724773968	16.0
4339.796441223269	14.0
4340.145141553771	16.0
4340.493825761115	14.0
4340.842493840939	16.0
4341.191145788882	12.0
4341.5397816005825	14.0
4341.888401271681	15.0
4342.237004797815	15.0
4342.585592174624	16.0
4342.934163397747	15.0
4343.282718462823	17.0
4343.631257365492	21.0
4343.979780101392	47.0
4344.328286666161	72.0
4344.67677705544	75.0
4345.025251264867	83.0
4345.373709290081	84.0
4345.722151126721	87.0
4346.070576770426	77.0
4346.418986216836	70.0
4346.7673794615885	151.0
4347.115756500323	327.0
4347.464117328679	367.0
4347.812461942296	383.0
4348.160790336811	374.0
4348.509102507865	351.0
4348.857398451095	327.0
4349.205678162143	186.0
4349.553941636645	53.0
4349.902188870241	30.0
4350.250419858571	26.0
4350.598634597273	23.0
4350.946833081986	30.0
4351.29501530835	46.0
4351.643181272002	46.0
4351.991330968584	46.0
4352.339464393733	45.0
4352.687581543087	48.0
4353.035682412287	40.0
4353.383766996972	29.0
4353.73183529278	17.0
4354.079887295349	15.0
4354.427923000321	13.0
4354.775942403333	13.0
4355.123945500023	14.0
4355.471932286033	13.0
4355.819902757	15.0
4356.167856908563	16.0
4356.515794736361	13.0
4356.863716236034	16.0
4357.211621403221	14.0
4357.559510233559	12.0
4357.907382722689	12.0
4358.25523886625	13.0
4358.60307865988	12.0
4358.950902099219	11.0
4359.298709179904	13.0
4359.646499897576	9.0
4359.994274247875	11.0
4360.342032226437	12.0
4360.689773828903	17.0
4361.037499050911	28.0
4361.385207888101	34.0
4361.732900336111	35.0
4362.080576390581	36.0
4362.42823604715	39.0
4362.7758793014555	36.0
4363.123506149137	32.0
4363.471116585835	20.0
4363.818710607188	16.0
4364.166288208834	17.0
4364.513849386412	16.0
4364.8613941355625	16.0
4365.208922451923	16.0
4365.5564343311335	15.0
4365.903929768832	14.0
4366.251408760659	19.0
4366.5988713022525	42.0
4366.946317389251	71.0
4367.293747017294	76.0
4367.641160182021	78.0
4367.9885568790705	77.0
4368.3359371040815	73.0
4368.683300852694	74.0
4369.030648120545	52.0
4369.377978903276	71.0
4369.725293196523	165.0
4370.072590995928	218.0
4370.419872297129	251.0
4370.767137095763	259.0
4371.114385387472	261.0
4371.461617167894	251.0
4371.808832432667	189.0
4372.156031177431	100.0
4372.503213397824	52.0
4372.8503790894865	29.0
4373.197528248057	24.0
4373.544660869174	22.0
4373.891776948476	25.0
4374.238876481603	27.0
4374.585959464195	41.0
4374.933025891889	77.0
4375.2800757603245	91.0
4375.627109065142	91.0
4375.9741258019785	90.0
4376.321125966474	87.0
4376.668109554266	81.0
4377.015076560996	62.0
4377.362026982302	29.0
4377.708960813823	24.0
4378.055878051197	31.0
4378.402778690064	65.0
4378.749662726064	135.0
4379.096530154835	158.0
4379.443380972014	150.0
4379.790215173244	156.0
4380.137032754161	152.0
4380.483833710405	129.0
4380.830618037614	77.0
4381.177385731429	27.0
4381.524136787488	18.0
4381.870871201429	17.0
4382.217588968892	16.0
4382.564290085517	18.0
4382.910974546941	20.0
4383.257642348804	18.0
4383.6042934867455	29.0
4383.950927956405	56.0
4384.297545753419	75.0
4384.644146873428	75.0
4384.990731312072	73.0
4385.337299064989	78.0
4385.683850127817	75.0
4386.030384496196	59.0
4386.376902165765	27.0
4386.723403132165	17.0
4387.069887391031	13.0
4387.4163549380055	12.0
4387.762805768725	13.0
4388.1092398788305	9.0
4388.455657263959	8.0
4388.802057919751	8.0
4389.148441841846	10.0
4389.494809025881	9.0
4389.841159467496	8.0
4390.1874931623315	9.0
4390.533810106024	9.0
4390.880110294214	6.0
4391.22639372254	8.0
4391.5726603866415	9.0
4391.918910282157	9.0
4392.265143404726	8.0
4392.611359749986	8.0
4392.957559313578	9.0
4393.3037420911405	10.0
4393.649908078312	8.0
4393.996057270731	6.0
4394.342189664038	8.0
4394.688305253872	9.0
4395.0344040358705	8.0
4395.3804860056725	10.0
4395.7265511589185	9.0
4396.072599491247	9.0
4396.418630998296	12.0
4396.764645675706	9.0
4397.110643519115	11.0
4397.456624524162	11.0
4397.802588686486	11.0
4398.148536001727	13.0
4398.494466465524	17.0
4398.840380073514	34.0
4399.186276821338	56.0
4399.532156704634	75.0
4399.878019719043	120.0
4400.2238658602	153.0
4400.569695123747	162.0
4400.915507505322	157.0
4401.261303000566	139.0
4401.607081605115	115.0
4401.95284331461	89.0
4402.298588124689	40.0
4402.644316030992	19.0
4402.990027029157	12.0
4403.335721114823	12.0
4403.68139828363	12.0
4404.027058531217	14.0
4404.372701853222	15.0
4404.718328245283	13.0
4405.063937703042	14.0
4405.409530222137	17.0
4405.7551057982055	14.0
4406.100664426887	13.0
4406.446206103823	8.0
4406.791730824649	0.0
4407.137238585005	0.0
4407.482729380531	0.0
4407.828203206866	0.0
4408.173660059649	0.0
4408.519099934518	0.0
4408.864522827112	0.0
4409.209928733071	0.0
4409.555317648033	0.0
4409.900689567638	0.0
4410.246044487525	0.0
4410.591382403332	0.0
4410.936703310699	0.0
4411.282007205265	0.0
4411.6272940826675	0.0
4411.972563938548	0.0
4412.317816768543	0.0
4412.663052568292	0.0
4413.008271333436	0.0
4413.353473059613	0.0
4413.6986577424605	0.0
4414.043825377619	0.0
4414.388975960728	0.0
4414.734109487425	0.0
4415.079225953349	0.0
4415.42432535414	0.0
4415.769407685438	0.0
4416.11447294288	0.0
4416.459521122105	0.0
4416.804552218752	0.0
4417.149566228463	0.0
4417.494563146874	0.0
4417.839542969624	0.0
4418.184505692353	0.0
4418.5294513107	0.0
4418.874379820304	0.0
4419.219291216803	0.0
4419.564185495838	0.0
4419.909062653046	0.0
4420.253922684066	0.0
4420.598765584539	0.0
4420.943591350103	0.0
4421.288399976396	0.0
4421.633191459058	0.0
4421.977965793729	0.0
4422.322722976045	0.0
4422.667463001649	0.0
4423.012185866176	0.0
4423.356891565268	0.0
4423.701580094562	0.0
4424.0462514496985	0.0
4424.3909056263155	0.0
4424.735542620052	0.0
4425.080162426549	251.0
4425.424765041443	291.0
4425.769350460373	294.0
4426.11391867898	298.0
4426.458469692902	290.0
4426.803003497777	251.0
4427.147520089246	142.0
4427.492019462947	44.0
4427.836501614519	30.0
4428.1809665396	24.0
4428.525414233831	29.0
4428.869844692849	64.0
4429.214257912296	129.0
4429.558653887806	155.0
4429.903032615023	183.0
4430.247394089583	187.0
4430.591738307127	189.0
4430.936065263293	171.0
4431.28037495372	124.0
4431.624667374046	68.0
4431.968942519913	51.0
4432.313200386957	31.0
4432.657440970817	42.0
4433.001664267135	54.0
4433.345870271547	53.0
4433.690058979693	53.0
4434.034230387213	60.0
4434.378384489745	52.0
4434.722521282928	45.0
4435.0666407624	25.0
4435.410742923802	20.0
4435.754827762773	15.0
4436.09889527495	15.0
4436.442945455973	12.0
4436.786978301482	14.0
4437.130993807115	11.0
4437.474991968511	13.0
4437.818972781309	15.0
4438.162936241149	20.0
4438.506882343669	39.0
4438.850811084508	45.0
4439.194722459304	50.0
4439.538616463698	49.0
4439.88249309333	48.0
4440.226352343835	46.0
4440.570194210855	33.0
4440.9140186900295	17.0
4441.257825776995	13.0
4441.601615467392	10.0
4441.9453877568585	10.0
4442.289142641036	8.0
4442.6328801155605	10.0
4442.976600176073	8.0
4443.320302818211	8.0
4443.663988037615	8.0
4444.007655829923	8.0
4444.351306190774	10.0
4444.694939115808	12.0
4445.038554600664	12.0
4445.382152640979	11.0
4445.725733232394	12.0
4446.069296370548	8.0
4446.412842051079	12.0
4446.756370269626	12.0
4447.099881021828	13.0
4447.443374303325	22.0
4447.7868501097555	44.0
4448.130308436758	60.0
4448.473749279972	65.0
4448.817172635037	64.0
4449.160578497592	65.0
4449.503966863274	60.0
4449.847337727724	48.0
4450.190691086582	24.0
4450.534026935484	13.0
4450.87734527007	9.0
4451.22064608598	10.0
4451.563929378853	10.0
4451.907195144327	8.0
4452.250443378041	8.0
4452.593674075635	7.0
4452.936887232749	8.0
4453.280082845018	7.0
4453.623260908085	8.0
4453.966421417587	7.0
4454.309564369165	7.0
4454.652689758455	8.0
4454.995797581098	10.0
4455.338887832732	9.0
4455.681960508999	8.0
4456.025015605533	8.0
4456.368053117976	8.0
4456.711073041967	7.0
4457.054075373146	8.0
4457.397060107149	8.0
4457.740027239616	10.0
4458.082976766188	10.0
4458.425908682503	9.0
4458.768822984199	11.0
4459.111719666916	11.0
4459.454598726293	15.0
4459.797460157967	15.0
4460.14030395758	14.0
4460.48313012077	13.0
4460.8259386431755	14.0
4461.168729520435	15.0
4461.511502748189	13.0
4461.854258322074	12.0
4462.196996237733	11.0
4462.539716490802	8.0
4462.882419076921	10.0
4463.225103991728	7.0
4463.567771230863	8.0
4463.910420789965	8.0
4464.253052664673	7.0
4464.595666850626	8.0
4464.9382633434625	10.0
4465.280842138822	10.0
4465.623403232343	8.0
4465.9659466196645	8.0
4466.308472296427	8.0
4466.650980258267	8.0
4466.993470500825	10.0
4467.3359430197415	8.0
4467.678397810652	8.0
4468.020834869199	8.0
4468.363254191018	11.0
4468.7056557717515	7.0
4469.048039607036	10.0
4469.390405692511	10.0
4469.732754023817	8.0
4470.075084596592	8.0
4470.417397406474	10.0
4470.759692449104	12.0
4471.101969720118	12.0
4471.44422921516	12.0
4471.786470929864	12.0
4472.128694859871	10.0
4472.470901000819	14.0
4472.81308934835	20.0
4473.155259898101	26.0
4473.497412645709	64.0
4473.8395475868165	123.0
4474.181664717061	136.0
4474.523764032081	137.0
4474.865845527516	140.0
4475.207909199005	131.0
4475.549955042188	116.0
4475.891983052702	69.0
4476.2339932261875	23.0
4476.575985558284	16.0
4476.917960044629	15.0
4477.25991668086	16.0
4477.601855462621	12.0
4477.943776385547	16.0
4478.285679445278	15.0
4478.627564637452	15.0
4478.969431957711	15.0
4479.311281401692	16.0
4479.653112965033	20.0
4479.994926643375	25.0
4480.336722432356	53.0
4480.678500327615	144.0
4481.020260324791	217.0
4481.362002419523	221.0
4481.70372660745	218.0
4482.045432884213	222.0
4482.387121245448	217.0
4482.7287916867945	179.0
4483.070444203893	80.0
4483.412078792382	26.0
4483.7536954479	20.0
4484.095294166085	16.0
4484.4368749425785	16.0
4484.7784377730195	14.0
4485.119982653044	10.0
4485.461509578293	12.0
4485.803018544406	11.0
4486.14450954702	12.0
4486.485982581776	10.0
4486.827437644312	10.0
4487.168874730269	8.0
4487.510293835282	10.0
4487.851694954993	12.0
4488.193078085041	9.0
4488.534443221064	8.0
4488.875790358701	10.0
4489.217119493592	10.0
4489.558430621374	14.0
4489.89972373769	18.0
4490.240998838174	23.0
4490.582255918468	26.0
4490.92349497421	23.0
4491.264716001041	23.0
4491.605918994597	24.0
4491.947103950519	20.0
4492.288270864445	11.0
4492.629419732015	11.0
4492.970550548867	10.0
4493.31166331064	11.0
4493.652758012975	8.0
4493.993834651508	9.0
4494.33489322188	10.0
4494.675933719729	9.0
4495.016956140696	10.0
4495.357960480417	10.0
4495.698946734533	11.0
4496.039914898682	8.0
4496.380864968504	10.0
4496.721796939638	11.0
4497.0627108077215	8.0
4497.403606568395	16.0
4497.744484217297	20.0
4498.085343750067	18.0
4498.426185162343	20.0
4498.767008449765	20.0
4499.107813607971	21.0
4499.4486006326015	18.0
4499.789369519293	15.0
4500.130120263688	12.0
4500.470852861423	10.0
4500.8115673081375	10.0
4501.15226359947	11.0
4501.4929417310605	13.0
4501.833601698549	20.0
4502.174243497571	26.0
4502.514867123768	24.0
4502.855472572781	25.0
4503.196059840245	27.0
4503.5366289218	26.0
4503.877179813086	20.0
4504.217712509742	15.0
4504.558227007407	12.0
4504.89872330172	11.0
4505.239201388318	12.0
4505.579661262844	9.0
4505.9201029209335	12.0
4506.260526358226	13.0
4506.600931570362	13.0
4506.941318552981	14.0
4507.281687301719	14.0
4507.622037812218	16.0
4507.962370080115	19.0
4508.3026841010505	16.0
4508.642979870662	22.0
4508.983257384589	31.0
4509.323516638471	73.0
4509.663757627948	188.0
4510.003980348657	239.0
4510.344184796238	254.0
4510.68437096633	269.0
4511.024538854572	265.0
4511.364688456602	242.0
4511.70481976806	192.0
4512.044932784586	73.0
4512.385027501817	30.0
4512.7251039153925	20.0
4513.065162020952	16.0
4513.405201814136	16.0
4513.74522329058	13.0
4514.085226445925	16.0
4514.425211275811	13.0
4514.7651777758765	13.0
4515.105125941758	11.0
4515.445055769097	10.0
4515.784967253532	12.0
4516.124860390703	12.0
4516.464735176248	11.0
4516.8045916058045	13.0
4517.144429675013	8.0
4517.484249379515	12.0
4517.824050714945	10.0
4518.163833676944	12.0
4518.503598261151	12.0
4518.8433444632055	11.0
4519.183072278745	12.0
4519.522781703411	12.0
4519.8624727328415	12.0
4520.202145362673	12.0
4520.541799588548	12.0
4520.881435406103	16.0
4521.22105281098	31.0
4521.560651798814	38.0
4521.900232365247	42.0
4522.2397945059165	39.0
4522.579338216464	41.0
4522.918863492525	37.0
4523.25837032974	34.0
4523.597858723748	18.0
4523.937328670189	14.0
4524.276780164701	12.0
4524.616213202923	10.0
4524.955627780494	8.0
4525.295023893054	10.0
4525.63440153624	11.0
4525.973760705693	10.0
4526.313101397051	10.0
4526.652423605953	10.0
4526.991727328038	11.0
4527.331012558946	10.0
4527.670279294314	10.0
4528.0095275297845	10.0
4528.348757260992	10.0
4528.6879684835785	12.0
4529.027161193183	16.0
4529.366335385443	20.0
4529.705491055998	29.0
4530.044628200487	31.0
4530.383746814551	31.0
4530.722846893826	32.0
4531.061928433952	31.0
4531.400991430569	27.0
4531.740035879316	20.0
4532.07906177583	14.0
4532.418069115752	12.0
4532.75705789472	12.0
4533.0960281083735	10.0
4533.434979752351	12.0
4533.773912822292	12.0
4534.112827313836	12.0
4534.451723222622	13.0
4534.7906005442865	13.0
4535.129459274471	16.0
4535.468299408814	18.0
4535.807120942955	15.0
4536.145923872532	16.0
4536.484708193185	17.0
4536.823473900551	18.0
4537.1622209902725	16.0
4537.5009494579845	16.0
4537.839659299329	16.0
4538.178350509945	19.0
4538.517023085468	16.0
4538.855677021541	18.0
4539.194312313801	15.0
4539.5329289578885	16.0
4539.8715269494405	14.0
4540.210106284097	15.0
4540.548666957497	18.0
4540.8872089652805	19.0
4541.225732303084	20.0
4541.564236966549	19.0
4541.902722951313	23.0
4542.241190253017	29.0
4542.579638867297	33.0
4542.918068789794	36.0
4543.256480016146	55.0
4543.594872541995	144.0
4543.933246362975	407.0
4544.271601474728	614.0
4544.609937872893	650.0
4544.94825555311	651.0
4545.286554511015	661.0
4545.624834742249	629.0
4545.963096242452	510.0
4546.301339007259	251.0
4546.639563032313	73.0
4546.9777683132515	47.0
4547.315954845714	39.0
4547.654122625339	35.0
4547.992271647766	33.0
4548.330401908634	29.0
4548.668513403581	29.0
4549.006606128247	23.0
4549.34468007827	23.0
4549.68273524929	21.0
4550.020771636947	22.0
4550.358789236877	19.0
4550.696788044722	17.0
4551.034768056119	16.0
4551.372729266708	16.0
4551.710671672128	13.0
4552.048595268017	13.0
4552.3865000500155	13.0
4552.724386013762	14.0
4553.062253154895	13.0
4553.400101469054	12.0
4553.737930951877	12.0
4554.075741599006	12.0
4554.413533406076	12.0
4554.751306368728	14.0
4555.089060482602	13.0
4555.426795743334	12.0
4555.764512146566	12.0
4556.102209687935	12.0
4556.439888363083	13.0
4556.777548167644	12.0
4557.115189097262	10.0
4557.452811147573	10.0
4557.790414314218	11.0
4558.127998592834	10.0
4558.465563979061	10.0
4558.803110468537	10.0
4559.140638056904	10.0
4559.478146739798	10.0
4559.815636512858	12.0
4560.153107371725	11.0
4560.4905593120375	12.0
4560.827992329433	13.0
4561.165406419552	12.0
4561.502801578032	12.0
4561.8401778005145	12.0
4562.177535082636	15.0
4562.514873420037	13.0
4562.8521928083555	21.0
4563.1894932432315	26.0
4563.526774720303	29.0
4563.86403723521	26.0
4564.201280783592	30.0
4564.538505361086	26.0
4564.8757109633325	25.0
4565.21289758597	22.0
4565.550065224637	16.0
4565.887213874974	16.0
4566.224343532618	13.0
4566.561454193209	12.0
4566.8985458523875	12.0
4567.235618505791	11.0
4567.572672149057	12.0
4567.9097067778275	12.0
4568.246722387741	12.0
4568.583718974434	12.0
4568.920696533548	15.0
4569.257655060721	13.0
4569.594594551592	11.0
4569.9315150018	10.0
4570.268416406985	12.0
4570.6052987627845	12.0
4570.942162064839	12.0
4571.279006308786	12.0
4571.615831490265	12.0
4571.952637604916	13.0
4572.2894246483775	13.0
4572.626192616287	13.0
4572.9629415042855	13.0
4573.299671308012	12.0
4573.636382023104	15.0
4573.9730736452	16.0
4574.309746169942	13.0
4574.646399592967	16.0
4574.983033909914	13.0
4575.319649116423	15.0
4575.656245208132	16.0
4575.99282218068	18.0
4576.329380029706	20.0
4576.66591875085	20.0
4577.00243833975	24.0
4577.338938792046	27.0
4577.675420103376	42.0
4578.011882269379	103.0
4578.348325285695	252.0
4578.684749147962	319.0
4579.02115385182	324.0
4579.357539392907	321.0
4579.6939057668615	323.0
4580.030252969325	310.0
4580.366580995934	237.0
4580.702889842329	91.0
4581.039179504148	37.0
4581.37544997703	24.0
4581.711701256615	23.0
4582.047933338542	21.0
4582.384146218449	17.0
4582.7203398919755	20.0
4583.05651435476	20.0
4583.392669602443	20.0
4583.7288056306625	16.0
4584.064922435056	18.0
4584.401020011265	20.0
4584.737098354927	20.0
4585.073157461683	20.0
4585.40919732717	20.0
4585.7452179470265	23.0
4586.081219316893	23.0
4586.4172014324095	21.0
4586.753164289212	23.0
4587.089107882942	24.0
4587.425032209237	29.0
4587.760937263736	32.0
4588.096823042079	42.0
4588.432689539905	90.0
4588.768536752853	246.0
4589.104364676562	394.0
4589.44017330667	415.0
4589.775962638815	428.0
4590.111732668641	424.0
4590.447483391781	403.0
4590.783214803877	346.0
4591.118926900568	194.0
4591.454619677494	58.0
4591.7902931302915	35.0
4592.1259472546	31.0
4592.46158204606	25.0
4592.79719750031	24.0
4593.132793612988	22.0
4593.468370379735	21.0
4593.803927796187	22.0
4594.139465857987	21.0
4594.474984560769	23.0
4594.810483900177	29.0
4595.145963871846	47.0
4595.481424471419	55.0
4595.816865694531	59.0
4596.152287536824	54.0
4596.4876899939345	58.0
4596.823073061504	58.0
4597.15843673517	45.0
4597.49378101057	45.0
4597.829105883347	74.0
4598.1644113491375	77.0
4598.499697403581	80.0
4598.834964042316	80.0
4599.170211260982	77.0
4599.505439055218	74.0
4599.840647420662	55.0
4600.175836352954	25.0
4600.511005847734	19.0
4600.846155900639	18.0
4601.181286507309	16.0
4601.516397663383	15.0
4601.851489364501	17.0
4602.1865616063	19.0
4602.521614384419	16.0
4602.856647694499	17.0
4603.191661532179	15.0
4603.526655893095	17.0
4603.861630772889	18.0
4604.196586167198	17.0
4604.531522071664	18.0
4604.866438481922	18.0
4605.201335393614	21.0
4605.536212802377	21.0
4605.871070703853	24.0
4606.205909093677	25.0
4606.540727967491	25.0
4606.8755273209335	32.0
4607.210307149642	37.0
4607.545067449258	45.0
4607.879808215417	65.0
4608.214529443762	185.0
4608.549231129929	498.0
4608.883913269558	633.0
4609.218575858288	672.0
4609.55321889176	683.0
4609.887842365609	666.0
4610.222446275477	626.0
4610.557030617001	503.0
4610.891595385823	206.0
4611.226140577579	63.0
4611.560666187909	44.0
4611.895172212452	37.0
4612.229658646848	30.0
4612.564125486735	25.0
4612.898572727752	23.0
4613.233000365538	19.0
4613.567408395733	22.0
4613.901796813974	19.0
4614.236165615902	18.0
4614.570514797155	15.0
4614.904844353373	16.0
4615.239154280193	16.0
4615.573444573256	15.0
4615.907715228201	13.0
4616.241966240665	13.0
4616.576197606288	14.0
4616.91040932071	13.0
4617.244601379569	11.0
4617.578773778504	15.0
4617.912926513155	12.0
4618.247059579159	13.0
4618.581172972158	13.0
4618.915266687789	12.0
4619.249340721691	12.0
4619.583395069503	10.0
4619.9174297268655	10.0
4620.251444689415	11.0
4620.585439952792	9.0
4620.919415512635	11.0
4621.253371364585	9.0
4621.587307504278	12.0
4621.921223927355	10.0
4622.255120629454	11.0
4622.588997606215	7.0
4622.9228548532765	11.0
4623.256692366277	8.0
4623.590510140856	12.0
4623.924308172653	9.0
4624.258086457306	7.0
4624.591844990453	9.0
4624.9255837677365	9.0
4625.259302784792	10.0
4625.593002037262	13.0
4625.926681520781	12.0
4626.260341230993	12.0
4626.593981163533	12.0
4626.927601314041	12.0
4627.261201678157	21.0
4627.59478225152	28.0
4627.928343029768	32.0
4628.261884008541	31.0
4628.595405183477	28.0
4628.928906550216	29.0
4629.262388104396	28.0
4629.595849841658	21.0
4629.929291757638	12.0
4630.2627138479775	12.0
4630.596116108314	7.0
4630.929498534288	10.0
4631.262861121536	9.0
4631.596203865701	10.0
4631.9295267624175	9.0
4632.262829807327	10.0
4632.59611299607	9.0
4632.929376324281	10.0
4633.2626197876025	8.0
4633.595843381673	11.0
4633.929047102131	9.0
4634.262230944616	9.0
4634.595394904766	10.0
4634.928538978222	10.0
4635.261663160621	12.0
4635.594767447602	14.0
4635.927851834806	18.0
4636.2609163178695	42.0
4636.593960892434	49.0
4636.926985554136	51.0
4637.259990298616	56.0
4637.592975121513	51.0
4637.9259400184665	50.0
4638.258884985114	38.0
4638.591810017095	21.0
4638.924715110048	12.0
4639.257600259615	10.0
4639.590465461431	9.0
4639.923310711138	9.0
4640.256136004374	13.0
4640.588941336777	10.0
4640.921726703986	10.0
4641.2544921016415	10.0
4641.587237525383	10.0
4641.919962970847	10.0
4642.252668433674	12.0
4642.585353909503	9.0
4642.918019393975	12.0
4643.250664882724	9.0
4643.583290371393	9.0
4643.915895855619	10.0
4644.248481331044	9.0
4644.581046793303	9.0
4644.913592238037	10.0
4645.246117660886	9.0
4645.578623057488	10.0
4645.911108423481	12.0
4646.243573754505	12.0
4646.576019046199	12.0
4646.908444294203	11.0
4647.240849494154	13.0
4647.573234641692	12.0
4647.905599732456	13.0
4648.237944762085	16.0
4648.570269726219	12.0
4648.902574620494	11.0
4649.234859440553	10.0
4649.567124182033	12.0
4649.899368840572	14.0
4650.23159341181	19.0
4650.5637978913865	21.0
4650.89598227494	19.0
4651.228146558109	22.0
4651.560290736534	22.0
4651.892414805853	21.0
4652.2245187617045	18.0
4652.556602599729	18.0
4652.888666315564	17.0
4653.220709904849	14.0
4653.5527333632235	15.0
4653.884736686326	15.0
4654.216719869794	20.0
4654.5486829092715	21.0
4654.8806258003915	19.0
4655.212548538797	24.0
4655.544451120124	28.0
4655.876333540015	32.0
4656.208195794106	49.0
4656.540037878039	130.0
4656.8718597874495	338.0
4657.203661517979	464.0
4657.535443065265	498.0
4657.867204424947	503.0
4658.198945592666	506.0
4658.530666564057	465.0
4658.862367334763	393.0
4659.194047900421	198.0
4659.5257082566695	54.0
4659.857348399149	32.0
4660.188968323497	25.0
4660.520568025353	24.0
4660.852147500358	18.0
4661.1837067441475	17.0
4661.515245752364	16.0
4661.846764520643	13.0
4662.178263044627	16.0
4662.509741319952	12.0
4662.841199342259	13.0
4663.172637107185	10.0
4663.504054610373	13.0
4663.835451847458	12.0
4664.16682881408	12.0
4664.498185505879	12.0
4664.829521918493	11.0
4665.160838047562	9.0
4665.492133888723	11.0
4665.8234094376185	10.0
4666.154664689884	9.0
4666.485899641159	9.0
4666.817114287085	10.0
4667.148308623299	12.0
4667.479482645441	10.0
4667.810636349149	9.0
4668.141769730062	9.0
4668.472882783821	9.0
4668.803975506062	10.0
4669.135047892425	7.0
4669.4660999385505	9.0
4669.797131640077	9.0
4670.128142992642	10.0
4670.459133991885	7.0
4670.790104633446	9.0
4671.1210549129655	9.0
4671.451984826079	10.0
4671.782894368426	6.0
4672.113783535648	8.0
4672.444652323383	6.0
4672.775500727268	9.0
4673.106328742944	9.0
4673.437136366049	9.0
4673.767923592225	7.0
4674.098690417107	7.0
4674.429436836335	7.0
4674.76016284555	7.0
4675.0908684403885	9.0
4675.421553616491	6.0
4675.752218369496	6.0
4676.082862695043	8.0
4676.413486588771	9.0
4676.744090046318	7.0
4677.074673063324	7.0
4677.405235635428	6.0
4677.735777758267	8.0
4678.0662994274835	7.0
4678.396800638714	7.0
4678.727281387599	8.0
4679.057741669776	7.0
4679.388181480885	7.0
4679.718600816564	7.0
4680.048999672454	7.0
4680.379378044191	6.0
4680.709735927417	7.0
4681.040073317769	7.0
4681.370390210888	9.0
4681.700686602411	10.0
4682.030962487977	10.0
4682.3612178632275	10.0
4682.6914527238	10.0
4683.021667065332	10.0
4683.351860883463	10.0
4683.682034173835	7.0
4684.012186932084	9.0
4684.342319153849	7.0
4684.67243083477	6.0
4685.002521970487	8.0
4685.332592556637	8.0
4685.66264258886	9.0
4685.992672062795	9.0
4686.322680974081	7.0
4686.652669318357	8.0
4686.9826370912615	5.0
4687.312584288434	7.0
4687.6425109055135	7.0
4687.972416938139	7.0
4688.302302381949	7.0
4688.632167232583	10.0
4688.962011485681	7.0
4689.29183513688	7.0
4689.621638181819	8.0
4689.951420616139	6.0
4690.281182435479	8.0
4690.610923635476	6.0
4690.94064421177	6.0
4691.270344160001	6.0
4691.600023475806	6.0
4691.929682154824	6.0
4692.259320192697	9.0
4692.588937585061	6.0
4692.918534327557	9.0
4693.248110415821	7.0
4693.577665845495	6.0
4693.907200612219	6.0
4694.236714711628	6.0
4694.566208139363	4.0
4694.895680891063	7.0
4695.225132962369	6.0
4695.554564348917	6.0
4695.883975046347	7.0
4696.213365050297	7.0
4696.54273435641	6.0
4696.872082960319	6.0
4697.201410857668	7.0
4697.530718044093	7.0
4697.860004515235	7.0
4698.189270266732	7.0
4698.518515294223	9.0
4698.847739593348	6.0
4699.176943159745	6.0
4699.506125989052	9.0
4699.83528807691	7.0
4700.164429418957	10.0
4700.493550010833	8.0
4700.822649848175	12.0
4701.151728926624	24.0
4701.480787241819	39.0
4701.809824789397	44.0
4702.138841564998	46.0
4702.467837564262	48.0
4702.796812782827	46.0
4703.125767216333	47.0
4703.454700860417	36.0
4703.78361371072	20.0
4704.112505762881	13.0
4704.4413770125375	11.0
4704.7702274553285	9.0
4705.099057086894	12.0
4705.427865902875	11.0
4705.756653898907	8.0
4706.08542107063	7.0
4706.414167413684	9.0
4706.742892923707	9.0
4707.0715975963385	8.0
4707.400281427217	4.0
4707.7289444119815	7.0
4708.057586546273	6.0
4708.386207825728	7.0
4708.714808245986	10.0
4709.043387802687	10.0
4709.371946491469	11.0
4709.700484307972	10.0
4710.029001247834	13.0
4710.357497306695	10.0
4710.6859724801925	9.0
4711.014426763967	12.0
4711.342860153657	9.0
4711.671272644902	10.0
4711.99966423334	13.0
4712.32803491461	8.0
4712.656384684352	10.0
4712.984713538205	9.0
4713.313021471807	7.0
4713.641308480797	7.0
4713.969574560815	6.0
4714.2978197075	9.0
4714.62604391649	6.0
4714.954247183425	7.0
4715.282429503943	7.0
4715.6105908736845	9.0
4715.938731288286	7.0
4716.266850743389	9.0
4716.594949234633	9.0
4716.923026757653	7.0
4717.251083308092	9.0
4717.579118881587	9.0
4717.907133473779	8.0
4718.235127080305	10.0
4718.563099696804	10.0
4718.891051318916	11.0
4719.21898194228	9.0
4719.546891562534	12.0
4719.874780175318	10.0
4720.202647776271	12.0
4720.530494361032	15.0
4720.858319925239	17.0
4721.1861244645315	18.0
4721.513907974549	18.0
4721.841670450931	18.0
4722.169411889315	19.0
4722.49713228534	19.0
4722.824831634646	15.0
4723.152509932873	13.0
4723.480167175658	18.0
4723.807803358641	19.0
4724.13541847746	18.0
4724.463012527756	22.0
4724.790585505166	28.0
4725.118137405329	35.0
4725.445668223887	75.0
4725.773177956475	214.0
4726.100666598734	353.0
4726.428134146303	379.0
4726.755580594822	390.0
4727.083005939928	384.0
4727.41041017726	367.0
4727.737793302458	335.0
4728.065155311163	210.0
4728.39249619901	67.0
4728.71981596164	31.0
4729.047114594692	23.0
4729.374392093806	22.0
4729.701648454618	23.0
4730.02888367277	21.0
4730.356097743899	23.0
4730.683290663646	30.0
4731.010462427649	64.0
4731.337613031546	82.0
4731.664742470978	83.0
4731.991850741583	80.0
4732.318937839	86.0
4732.646003758867	80.0
4732.973048496824	71.0
4733.300072048511	46.0
4733.6270744095655	26.0
4733.954055575627	21.0
4734.281015542335	30.0
4734.6079543053265	58.0
4734.934871860243	142.0
4735.261768202722	179.0
4735.588643328405	185.0
4735.915497232927	189.0
4736.24232991193	184.0
4736.569141361051	186.0
4736.895931575932	148.0
4737.222700552208	74.0
4737.549448285521	26.0
4737.876174771509	20.0
4738.202880005812	13.0
4738.529563984067	13.0
4738.856226701914	14.0
4739.182868154993	12.0
4739.509488338942	12.0
4739.8360872494	12.0
4740.162664882006	10.0
4740.489221232399	12.0
4740.815756296219	9.0
4741.142270069104	10.0
4741.468762546692	9.0
4741.795233724624	10.0
4742.121683598539	10.0
4742.448112164074	8.0
4742.774519416869	9.0
4743.100905352564	9.0
4743.427269966797	10.0
4743.753613255208	9.0
4744.079935213434	9.0
4744.406235837117	9.0
4744.732515121892	6.0
4745.0587730634015	7.0
4745.385009657282	9.0
4745.711224899176	10.0
4746.037418784719	8.0
4746.363591309551	9.0
4746.689742469312	11.0
4747.015872259641	9.0
4747.341980676175	12.0
4747.668067714554	10.0
4747.994133370418	10.0
4748.320177639406	10.0
4748.646200517156	9.0
4748.972201999307	7.0
4749.298182081498	9.0
4749.62414075937	6.0
4749.950078028559	5.0
4750.275993884706	9.0
4750.601888323449	9.0
4750.927761340427	9.0
4751.25361293128	9.0
4751.579443091647	9.0
4751.905251817166	15.0
4752.231039103476	18.0
4752.556804946216	20.0
4752.882549341026	19.0
4753.208272283546	18.0
4753.533973769411	18.0
4753.859653794264	15.0
4754.185312353741	13.0
4754.510949443485	9.0
4754.83656505913	10.0
4755.1621591963185	9.0
4755.487731850689	9.0
4755.81328301788	11.0
4756.13881269353	14.0
4756.464320873278	13.0
4756.789807552765	14.0
4757.115272727628	15.0
4757.440716393506	13.0
4757.766138546039	15.0
4758.091539180865	13.0
4758.416918293625	15.0
4758.742275879955	16.0
4759.067611935496	14.0
4759.392926455887	13.0
4759.718219436767	15.0
4760.043490873773	17.0
4760.368740762547	18.0
4760.693969098727	18.0
4761.019175877951	19.0
4761.344361095858	22.0
4761.669524748088	28.0
4761.994666830281	27.0
4762.319787338074	33.0
4762.644886267106	37.0
4762.969963613017	51.0
4763.295019371446	94.0
4763.620053538031	268.0
4763.945066108413	663.0
4764.270057078228	830.0
4764.5950264431185	859.0
4764.919974198721	841.0
4765.244900340675	850.0
4765.56980486462	801.0
4765.894687766195	635.0
4766.219549041039	297.0
4766.54438868479	73.0
4766.869206693088	49.0
4767.1940030615715	37.0
4767.51877778588	36.0
4767.843530861653	32.0
4768.168262284528	0.0
4768.492972050145	0.0
4768.817660154143	0.0
4769.14232659216	0.0
4769.466971359838	0.0
4769.791594452812	0.0
4770.1161958667235	0.0
4770.44077559721	0.0
4770.765333639913	0.0
4771.089869990468	0.0
4771.414384644518	0.0
4771.738877597698	0.0
4772.063348845651	0.0
4772.387798384012	0.0
4772.712226208422	0.0
4773.03663231452	0.0
4773.361016697946	0.0
4773.685379354338	0.0
4774.009720279334	0.0
4774.334039468574	0.0
4774.658336917698	0.0
4774.9826126223425	0.0
4775.306866578148	0.0
4775.631098780756	0.0
4775.9553092258	0.0
4776.279497908924	0.0
4776.603664825764	0.0
4776.92780997196	0.0
4777.251933343152	0.0
4777.576034934977	0.0
4777.900114743075	0.0
4778.224172763086	0.0
4778.548208990648	0.0
4778.872223421399	0.0
4779.196216050979	0.0
4779.520186875029	0.0
4779.844135889185	0.0
4780.168063089087	0.0
4780.491968470374	0.0
4780.815852028685	0.0
4781.13971375966	0.0
4781.463553658936	0.0
4781.787371722153	0.0
4782.111167944951	0.0
4782.434942322969	0.0
4782.758694851843	0.0
4783.0824255272155	0.0
4783.406134344725	0.0
4783.729821300008	5.0
4784.053486388705	5.0
4784.377129606457	4.0
4784.7007509489	6.0
4785.024350411674	4.0
4785.347927990419	7.0
4785.671483680773	7.0
4785.995017478375	7.0
4786.318529378865	8.0
4786.64201937788	8.0
4786.965487471062	6.0
4787.288933654047	7.0
4787.612357922475	5.0
4787.935760271986	5.0
4788.259140698218	6.0
4788.582499196811	6.0
4788.905835763402	6.0
4789.229150393632	5.0
4789.55244308314	7.0
4789.875713827564	6.0
4790.198962622542	6.0
4790.522189463716	4.0
4790.845394346723	7.0
4791.168577267203	8.0
4791.491738220792	9.0
4791.8148772031345	8.0
4792.137994209864	9.0
4792.461089236623	11.0
4792.784162279048	9.0
4793.107213332782	11.0
4793.43024239346	8.0
4793.753249456721	7.0
4794.0762345182075	6.0
4794.399197573556	6.0
4794.722138618406	6.0
4795.045057648395	7.0
4795.367954659165	6.0
4795.690829646353	6.0
4796.013682605599	6.0
4796.33651353254	6.0
4796.659322422818	6.0
4796.98210927207	6.0
4797.304874075936	7.0
4797.627616830054	6.0
4797.950337530064	6.0
4798.273036171604	6.0
4798.595712750313	7.0
4798.918367261832	6.0
4799.240999701798	7.0
4799.56361006585	5.0
4799.886198349628	7.0
4800.208764548771	7.0
4800.531308658918	8.0
4800.8538306757055	8.0
4801.176330594776	8.0
4801.498808411767	7.0
4801.821264122318	8.0
4802.143697722067	7.0
4802.4661092066535	8.0
4802.788498571717	10.0
4803.110865812897	11.0
4803.43321092583	11.0
4803.755533906157	15.0
4804.077834749517	18.0
4804.40011345155	26.0
4804.722370007892	66.0
4805.0446044141845	176.0
4805.3668166660655	280.0
4805.689006759174	291.0
4806.01117468915	292.0
4806.33332045163	299.0
4806.655444042256	288.0
4806.977545456666	251.0
4807.299624690499	152.0
4807.621681739392	51.0
4807.9437165989875	21.0
4808.265729264922	17.0
4808.5877197328355	13.0
4808.909687998366	12.0
4809.231634057155	11.0
4809.553557904838	9.0
4809.875459537057	9.0
4810.19733894945	8.0
4810.519196137655	8.0
4810.841031097312	7.0
4811.16284382406	8.0
4811.484634313538	7.0
4811.806402561385	6.0
4812.128148563239	8.0
4812.449872314741	6.0
4812.771573811528	4.0
4813.09325304924	6.0
4813.414910023516	6.0
4813.736544729995	6.0
4814.058157164316	4.0
4814.379747322118	5.0
4814.7013151990395	6.0
4815.02286079072	6.0
4815.3443840927985	4.0
4815.665885100915	4.0
4815.9873638107065	5.0
4816.308820217812	4.0
4816.630254317874	7.0
4816.951666106527	4.0
4817.273055579412	5.0
4817.594422732169	5.0
4817.915767560436	6.0
4818.237090059851	4.0
4818.558390226054	5.0
4818.879668054685	6.0
4819.2009235413825	5.0
4819.522156681784	6.0
4819.843367471529	5.0
4820.164555906257	5.0
4820.4857219816095	4.0
4820.806865693221	4.0
4821.1279870367325	6.0
4821.449086007784	6.0
4821.770162602013	4.0
4822.091216815059	4.0
4822.412248642561	4.0
4822.7332580801585	4.0
4823.0542451234915	4.0
4823.375209768195	6.0
4823.696152009913	5.0
4824.0170718442805	5.0
4824.33796926694	4.0
4824.6588442735265	4.0
4824.979696859682	5.0
4825.300527021046	3.0
4825.621334753255	4.0
4825.942120051948	4.0
4826.262882912766	4.0
4826.5836233313485	5.0
4826.904341303332	6.0
4827.225036824358	6.0
4827.545709890062	5.0
4827.8663604960875	4.0
4828.18698863807	4.0
4828.50759431165	4.0
4828.828177512466	4.0
4829.148738236158	4.0
4829.469276478364	4.0
4829.789792234723	5.0
4830.110285500875	5.0
4830.430756272458	4.0
4830.751204545111	4.0
4831.071630314474	5.0
4831.392033576184	5.0
4831.7124143258825	6.0
4832.032772559207	6.0
4832.353108271796	6.0
4832.673421459292	7.0
4832.993712117329	7.0
4833.313980241549	5.0
4833.63422582759	5.0
4833.954448871092	6.0
4834.274649367693	6.0
4834.5948273130325	4.0
4834.914982702749	5.0
4835.235115532483	7.0
4835.555225797872	8.0
4835.875313494555	9.0
4836.195378618171	10.0
4836.515421164361	10.0
4836.835441128761	9.0
4837.155438507012	10.0
4837.475413294753	8.0
4837.795365487622	7.0
4838.115295081258	7.0
4838.435202071301	4.0
4838.75508645339	5.0
4839.074948223163	4.0
4839.39478737626	4.0
4839.714603908319	4.0
4840.0343978149795	6.0
4840.354169091881	3.0
4840.673917734662	4.0
4840.993643738961	5.0
4841.3133471004185	6.0
4841.633027814672	6.0
4841.952685877361	6.0
4842.272321284124	5.0
4842.591934030602	6.0
4842.911524112432	6.0
4843.231091525253	6.0
4843.550636264705	6.0
4843.870158326427	7.0
4844.189657706058	7.0
4844.509134399235	8.0
4844.8285884015995	6.0
4845.14801970879	7.0
4845.467428316446	7.0
4845.786814220204	10.0
4846.106177415705	12.0
4846.425517898589	25.0
4846.744835664493	67.0
4847.0641307090555	122.0
4847.383403027918	140.0
4847.702652616718	144.0
4848.021879471095	139.0
4848.341083586687	138.0
4848.660264959134	127.0
4848.979423584075	92.0
4849.298559457149	39.0
4849.617672573994	14.0
4849.9367629302515	9.0
4850.255830521557	7.0
4850.574875343552	8.0
4850.893897391874	5.0
4851.212896662164	7.0
4851.531873150059	6.0
4851.8508268512	7.0
4852.169757761223	5.0
4852.4886658757705	6.0
4852.807551190479	5.0
4853.126413700988	6.0
4853.445253402937	4.0
4853.764070291966	4.0
4854.082864363712	6.0
4854.4016356138145	5.0
4854.720384037913	4.0
4855.039109631648	5.0
4855.357812390655	4.0
4855.676492310576	5.0
4855.995149387048	5.0
4856.313783615712	6.0
4856.632394992205	4.0
4856.950983512167	5.0
4857.269549171238	5.0
4857.588091965055	4.0
4857.906611889259	5.0
4858.225108939487	6.0
4858.543583111379	5.0
4858.862034400574	5.0
4859.180462802711	4.0
4859.49886831343	4.0
4859.817250928369	5.0
4860.135610643165	6.0
4860.45394745346	4.0
4860.772261354892	6.0
4861.090552343102	5.0
4861.408820413725	5.0
4861.7270655624025	5.0
4862.045287784773	3.0
4862.363487076476	5.0
4862.681663433149	6.0
4862.999816850433	5.0
4863.317947323966	5.0
4863.636054849388	6.0
4863.954139422335	7.0
4864.27220103845	5.0
4864.590239693369	7.0
4864.908255382733	13.0
4865.22624810218	19.0
4865.544217847349	18.0
4865.862164613879	18.0
4866.180088397409	19.0
4866.497989193578	20.0
4866.815866998026	20.0
4867.133721806391	17.0
4867.451553614312	12.0
4867.769362417428	10.0
4868.087148211378	9.0
4868.404910991802	10.0
4868.722650754338	9.0
4869.040367494625	8.0
4869.358061208302	7.0
4869.6757318910095	7.0
4869.993379538384	6.0
4870.311004146066	6.0
4870.628605709695	6.0
4870.946184224909	5.0
4871.263739687347	8.0
4871.581272092648	6.0
4871.898781436452	7.0
4872.216267714397	6.0
4872.533730922122	7.0
4872.851171055267	8.0
4873.168588109469	9.0
4873.48598208037	9.0
4873.803352963607	9.0
4874.120700754819	11.0
4874.438025449646	10.0
4874.755327043726	10.0
4875.072605532698	12.0
4875.389860912201	22.0
4875.707093177876	28.0
4876.024302325359	29.0
4876.341488350291	29.0
4876.65865124831	31.0
4876.9757910150565	30.0
4877.292907646167	32.0
4877.610001137283	26.0
4877.927071484041	29.0
4878.244118682083	41.0
4878.561142727046	114.0
4878.878143614569	330.0
4879.195121340293	471.0
4879.512075899855	515.0
4879.829007288893	525.0
4880.145915503049	511.0
4880.462800537959	512.0
4880.7796623892655	465.0
4881.096501052604	296.0
4881.413316523616	108.0
4881.7301087979395	47.0
4882.046877871213	34.0
4882.3636237390765	30.0
4882.680346397168	27.0
4882.997045841128	26.0
4883.313722066594	22.0
4883.630375069206	18.0
4883.947004844602	15.0
4884.263611388422	13.0
4884.580194696305	12.0
4884.896754763889	14.0
4885.213291586812	11.0
4885.529805160718	14.0
4885.84629548124	14.0
4886.1627625440215	13.0
4886.4792063446985	13.0
4886.795626878912	20.0
4887.1120241423	28.0
4887.428398130501	34.0
4887.744748839154	41.0
4888.061076263902	78.0
4888.377380400378	107.0
4888.693661244224	113.0
4889.009918791078	111.0
4889.326153036582	101.0
4889.642363976371	95.0
4889.958551606086	81.0
4890.274715921367	57.0
4890.59085691785	23.0
4890.906974591177	10.0
4891.223068936984	9.0
4891.539139950914	10.0
4891.855187628603	8.0
4892.17121196569	7.0
4892.487212957816	7.0
4892.803190600619	7.0
4893.119144889737	8.0
4893.43507582081	8.0
4893.7509833894765	11.0
4894.066867591377	12.0
4894.382728422148	11.0
4894.69856587743	12.0
4895.014379952862	11.0
4895.330170644084	11.0
4895.645937946733	12.0
4895.961681856449	9.0
4896.277402368871	7.0
4896.593099479638	5.0
4896.908773184389	6.0
4897.224423478762	4.0
4897.540050358398	5.0
4897.855653818935	5.0
4898.171233856011	4.0
4898.4867904652665	6.0
4898.8023236423405	5.0
4899.117833382871	5.0
4899.433319682496	4.0
4899.748782536858	4.0
4900.064221941594	5.0
4900.3796378923425	5.0
4900.6950303847425	5.0
4901.010399414434	6.0
4901.325744977055	6.0
4901.641067068246	5.0
4901.956365683644	4.0
4902.27164081889	5.0
4902.586892469622	6.0
4902.902120631478	5.0
4903.217325300099	7.0
4903.532506471122	12.0
4903.847664140189	22.0
4904.162798302937	31.0
4904.477908955003	30.0
4904.792996092029	31.0
4905.108059709654	30.0
4905.4230998035155	29.0
4905.7381163692535	24.0
4906.053109402506	15.0
4906.368078898913	9.0
4906.683024854114	6.0
4906.997947263745	5.0
4907.31284612345	5.0
4907.627721428863	5.0
4907.9425731756255	3.0
4908.257401359377	5.0
4908.572205975755	5.0
4908.8869870204	6.0
4909.20174448895	5.0
4909.516478377043	4.0
4909.831188680321	3.0
4910.14587539442	2.0
4910.460538514981	4.0
4910.775178037641	4.0
4911.089793958042	4.0
4911.404386271821	3.0
4911.718954974616	3.0
4912.033500062068	2.0
4912.348021529816	4.0
4912.662519373497	4.0
4912.9769935887525	4.0
4913.291444171219	5.0
4913.605871116539	5.0
4913.920274420348	4.0
4914.2346540782855	4.0
4914.549010085993	5.0
4914.863342439106	4.0
4915.177651133267	4.0
4915.491936164112	4.0
4915.806197527283	4.0
4916.120435218417	3.0
4916.434649233152	3.0
4916.74883956713	3.0
4917.063006215988	3.0
4917.377149175365	2.0
4917.691268440901	4.0
4918.005364008233	4.0
4918.319435873003	3.0
4918.633484030848	5.0
4918.947508477408	4.0
4919.261509208321	3.0
4919.575486219226	4.0
4919.889439505763	4.0
4920.20336906357	3.0
4920.517274888287	5.0
4920.831156975553	6.0
4921.145015321006	6.0
4921.458849920285	5.0
4921.772660769029	6.0
4922.08644786288	4.0
4922.400211197472	4.0
4922.713950768448	4.0
4923.027666571446	3.0
4923.341358602103	5.0
4923.65502685606	4.0
4923.968671328957	4.0
4924.282292016431	4.0
4924.59588891412	4.0
4924.909462017666	5.0
4925.223011322706	4.0
4925.53653682488	4.0
4925.850038519827	3.0
4926.163516403185	3.0
4926.476970470593	4.0
4926.790400717693	4.0
4927.10380714012	4.0
4927.4171897335145	3.0
4927.730548493516	3.0
4928.043883415764	3.0
4928.357194495895	3.0
4928.67048172955	4.0
4928.9837451123685	4.0
4929.296984639989	5.0
4929.6102003080505	5.0
4929.92339211219	5.0
4930.236560048051	4.0
4930.549704111267	4.0
4930.862824297481	5.0
4931.17592060233	5.0
4931.488993021455	5.0
4931.8020415504925	8.0
4932.115066185083	22.0
4932.428066920866	37.0
4932.74104375348	40.0
4933.053996678563	44.0
4933.366925691755	43.0
4933.679830788695	43.0
4933.992711965022	41.0
4934.305569216374	33.0
4934.618402538392	16.0
4934.931211926712	7.0
4935.243997376977	7.0
4935.5567588848235	5.0
4935.86949644589	4.0
4936.1822100558165	4.0
4936.494899710243	4.0
4936.807565404806	5.0
4937.120207135146	6.0
4937.432824896902	6.0
4937.745418685715	7.0
4938.057988497219	4.0
4938.370534327058	4.0
4938.683056170868	4.0
4938.995554024289	5.0
4939.30802788296	4.0
4939.62047774252	4.0
4939.932903598608	3.0
4940.245305446863	3.0
4940.557683282924	4.0
4940.87003710243	3.0
4941.182366901021	4.0
4941.494672674334	5.0
4941.806954418008	4.0
4942.1192121276845	6.0
4942.431445799001	8.0
4942.7436554275955	8.0
4943.055841009109	6.0
4943.368002539179	7.0
4943.680140013446	8.0
4943.992253427547	7.0
4944.304342777123	5.0
4944.616408057811	4.0
4944.928449265252	4.0
4945.240466395084	4.0
4945.552459442946	5.0
4945.864428404477	4.0
4946.176373275317	3.0
4946.488294051103	3.0
4946.800190727476	3.0
4947.112063300074	4.0
4947.423911764536	4.0
4947.7357361165	3.0
4948.047536351607	3.0
4948.359312465496	4.0
4948.671064453804	4.0
4948.982792312172	3.0
4949.294496036237	5.0
4949.606175621641	3.0
4949.917831064021	4.0
4950.229462359015	4.0
4950.541069502264	5.0
4950.852652489407	5.0
4951.1642113160815	4.0
4951.475745977927	4.0
4951.787256470582	4.0
4952.098742789688	4.0
4952.410204930881	3.0
4952.721642889802	3.0
4953.033056662089	4.0
4953.344446243382	5.0
4953.655811629319	4.0
4953.967152815539	5.0
4954.278469797682	5.0
4954.589762571385	6.0
4954.901031132289	5.0
4955.212275476032	6.0
4955.523495598255	7.0
4955.834691494594	9.0
4956.145863160689	9.0
4956.45701059218	12.0
4956.768133784706	10.0
4957.079232733905	11.0
4957.390307435416	10.0
4957.701357884878	8.0
4958.0123840779315	7.0
4958.323386010215	6.0
4958.6343636773645	6.0
4958.945317075023	7.0
4959.256246198828	6.0
4959.567151044419	6.0
4959.8780316074335	6.0
4960.188887883511	5.0
4960.499719868292	5.0
4960.810527557414	4.0
4961.121310946517	5.0
4961.432070031239	5.0
4961.742804807221	7.0
4962.053515270099	7.0
4962.364201415513	6.0
4962.6748632391045	9.0
4962.9855007365095	12.0
4963.296113903368	14.0
4963.606702735318	27.0
4963.917267228002	83.0
4964.227807377055	172.0
4964.538323178117	206.0
4964.848814626828	212.0
4965.159281718828	208.0
4965.469724449753	206.0
4965.780142815244	204.0
4966.09053681094	162.0
4966.40090643248	85.0
4966.711251675502	25.0
4967.021572535646	13.0
4967.33186900855	10.0
4967.642141089855	8.0
4967.9523887751975	8.0
4968.262612060217	7.0
4968.5728109405545	6.0
4968.8829854118485	8.0
4969.193135469735	7.0
4969.503261109857	6.0
4969.81336232785	6.0
4970.123439119357	4.0
4970.433491480013	6.0
4970.743519405459	7.0
4971.053522891335	10.0
4971.363501933277	16.0
4971.673456526926	16.0
4971.983386667921	19.0
4972.293292351902	17.0
4972.6031735745055	16.0
4972.913030331372	17.0
4973.22286261814	15.0
4973.532670430451	9.0
4973.842453763939	6.0
4974.152212614247	5.0
4974.461946977012	4.0
4974.771656847875	6.0
4975.081342222474	4.0
4975.391003096447	3.0
4975.700639465434	4.0
4976.010251325075	3.0
4976.319838671006	4.0
4976.629401498869	4.0
4976.938939804301	4.0
4977.2484535829435	3.0
4977.557942830433	4.0
4977.867407542409	4.0
4978.176847714512	5.0
4978.486263342379	4.0
4978.79565442165	3.0
4979.1050209479645	2.0
4979.414362916961	3.0
4979.723680324278	4.0
4980.032973165555	4.0
4980.34224143643	2.0
4980.6514851325455	3.0
4980.960704249536	3.0
4981.269898783044	4.0
4981.579068728705	3.0
4981.888214082162	4.0
4982.197334839051	4.0
4982.506430995012	4.0
4982.8155025456845	3.0
4983.124549486707	3.0
4983.433571813718	3.0
4983.742569522357	3.0
4984.051542608264	2.0
4984.3604910670765	4.0
4984.669414894434	3.0
4984.978314085976	3.0
4985.2871886373405	4.0
4985.596038544169	2.0
4985.904863802096	4.0
4986.213664406764	3.0
4986.522440353812	2.0
4986.8311916388775	3.0
4987.1399182576	4.0
4987.448620205619	3.0
4987.7572974785735	3.0
4988.065950072101	2.0
4988.374577981843	4.0
4988.683181203436	3.0
4988.991759732521	5.0
4989.300313564736	5.0
4989.608842695719	6.0
4989.9173471211125	4.0
4990.225826836552	5.0
4990.534281837678	5.0
4990.842712120128	4.0
4991.151117679544	4.0
4991.459498511564	4.0
4991.767854611824	2.0
4992.076185975966	4.0
4992.384492599628	3.0
4992.692774478451	4.0
4993.001031608071	3.0
4993.309263984128	4.0
4993.6174716022615	3.0
4993.925654458111	3.0
4994.233812547314	2.0
4994.541945865511	3.0
4994.85005440834	3.0
4995.15813817144	2.0
4995.466197150451	4.0
4995.774231341011	4.0
4996.0822407387595	3.0
4996.390225339335	3.0
4996.698185138377	2.0
4997.006120131525	3.0
4997.314030314417	2.0
4997.621915682693	2.0
4997.92977623199	3.0
4998.237611957949	4.0
4998.54542285621	3.0
4998.853208922409	3.0
4999.160970152187	2.0
4999.468706541182	3.0
4999.776418085034	2.0
5000.08410477938	2.0
5000.391766619861	2.0
5000.699403602117	2.0
5001.007015721785	1.0
5001.314602974504	2.0
5001.622165355913	2.0
5001.929702861653	3.0
5002.23721548736	2.0
5002.544703228675	3.0
5002.852166081237	4.0
5003.159604040685	4.0
5003.467017102656	3.0
5003.774405262791	3.0
5004.081768516729	4.0
5004.38910686011	5.0
5004.696420288569	4.0
5005.003708797749	4.0
5005.310972383287	4.0
5005.618211040824	4.0
5005.9254247659965	4.0
5006.2326135544445	4.0
5006.5397774018065	4.0
5006.846916303724	4.0
5007.154030255832	4.0
5007.461119253773	4.0
5007.768183293185	5.0
5008.075222369706	17.0
5008.382236478977	37.0
5008.689225616634	44.0
5008.996189778318	47.0
5009.303128959668	50.0
5009.610043156323	48.0
5009.916932363921	47.0
5010.223796578102	42.0
5010.5306357945055	26.0
5010.837450008768	9.0
5011.144239216532	4.0
5011.451003413435	4.0
5011.757742595115	3.0
5012.064456757211	2.0
5012.371145895363	6.0
5012.6778100052115	4.0
5012.9844490823925	4.0
5013.291063122546	5.0
5013.5976521213115	5.0
5013.904216074328	5.0
5014.2107549772345	4.0
5014.51726882567	4.0
5014.823757615272	7.0
5015.130221341683	9.0
5015.436660000539	10.0
5015.743073587479	20.0
5016.0494620981435	57.0
5016.355825528171	87.0
5016.6621638732	100.0
5016.96847712887	106.0
5017.27476529082	101.0
5017.58102835469	102.0
5017.887266316116	102.0
5018.193479170741	79.0
5018.499666914201	38.0
5018.805829542135	13.0
5019.111967050184	6.0
5019.418079433985	4.0
5019.72416668918	4.0
5020.030228811404	4.0
5020.336265796299	4.0
5020.642277639502	4.0
5020.948264336655	5.0
5021.254225883393	3.0
5021.5601622753575	1.0
5021.866073508187	4.0
5022.171959577521	4.0
5022.477820478997	2.0
5022.783656208257	3.0
5023.0894667609355	3.0
5023.395252132676	3.0
5023.701012319115	3.0
5024.006747315892	3.0
5024.312457118646	2.0
5024.618141723017	3.0
5024.923801124642	4.0
5025.229435319161	2.0
5025.535044302214	4.0
5025.840628069439	3.0
5026.146186616475	3.0
5026.45171993896	3.0
5026.757228032537	3.0
5027.062710892839	2.0
5027.36816851551	4.0
5027.673600896186	2.0
5027.979008030508	2.0
5028.284389914114	2.0
5028.589746542643	4.0
5028.895077911734	1.0
5029.200384017027	4.0
5029.50566485416	2.0
5029.810920418772	2.0
5030.116150706502	1.0
5030.421355712991	3.0
5030.726535433874	3.0
5031.0316898647925	4.0
5031.336819001386	5.0
5031.641922839293	4.0
5031.947001374152	3.0
5032.252054601601	5.0
5032.557082517282	4.0
5032.8620851168325	5.0
5033.16706239589	5.0
5033.472014350095	2.0
5033.776940975087	3.0
5034.081842266504	2.0
5034.386718219986	3.0
5034.69156883117	2.0
5034.996394095698	2.0
5035.301194009206	3.0
5035.6059685673345	2.0
5035.910717765722	2.0
5036.215441600009	2.0
5036.520140065833	2.0
5036.824813158833	3.0
5037.129460874649	2.0
5037.43408320892	3.0
5037.738680157283	1.0
5038.0432517153795	1.0
5038.347797878847	2.0
5038.652318643325	2.0
5038.956814004452	2.0
5039.261283957868	2.0
5039.565728499211	2.0
5039.870147624121	2.0
5040.174541328237	4.0
5040.478909607196	2.0
5040.78325245664	3.0
5041.087569872206	5.0
5041.391861849533	3.0
5041.696128384261	3.0
5042.000369472029	3.0
5042.304585108474	2.0
5042.608775289238	2.0
5042.912940009957	2.0
5043.217079266274	2.0
5043.521193053824	1.0
5043.8252813682475	1.0
5044.129344205184	2.0
5044.433381560272	3.0
5044.737393429151	1.0
5045.041379807459	2.0
5045.345340690835	2.0
5045.649276074921	2.0
5045.953185955351	2.0
5046.257070327768	1.0
5046.560929187809	1.0
5046.864762531114	2.0
5047.168570353322	3.0
5047.472352650071	5.0
5047.776109417001	8.0
5048.0798406497515	10.0
5048.383546343959	9.0
5048.687226495265	8.0
5048.990881099309	11.0
5049.294510151727	10.0
5049.5981136481605	9.0
5049.901691584247	6.0
5050.205243955627	3.0
5050.508770757939	3.0
5050.812271986821	3.0
5051.115747637913	3.0
5051.419197706854	2.0
5051.722622189282	1.0
5052.026021080837	1.0
5052.329394377159	1.0
5052.632742073885	3.0
5052.936064166655	4.0
5053.239360651107	6.0
5053.5426315228815	7.0
5053.845876777617	7.0
5054.149096410953	7.0
5054.452290418526	7.0
5054.755458795978	7.0
5055.058601538947	7.0
5055.361718643071	5.0
5055.664810103991	4.0
5055.967875917344	4.0
5056.270916078771	4.0
5056.573930583909	4.0
5056.876919428398	4.0
5057.1798826078775	3.0
5057.482820117985	2.0
5057.785731954361	4.0
5058.088618112643	2.0
5058.391478588473	3.0
5058.694313377486	6.0
5058.9971224753235	10.0
5059.299905877624	13.0
5059.602663580027	16.0
5059.905395578171	16.0
5060.2081018676945	16.0
5060.510782444237	20.0
5060.813437303438	35.0
5061.116066440935	51.0
5061.418669852369	55.0
5061.721247533377	55.0
5062.023799479601	51.0
5062.326325686676	54.0
5062.628826150244	50.0
5062.931300865943	43.0
5063.233749829413	24.0
5063.53617303629	11.0
5063.838570482216	5.0
5064.1409421628305	3.0
5064.4432880737695	4.0
5064.745608210674	3.0
5065.047902569182	1.0
5065.350171144934	3.0
5065.652413933568	4.0
5065.9546309307225	2.0
5066.256822132038	3.0
5066.5589875331525	3.0
5066.861127129705	2.0
5067.163240917334	2.0
5067.465328891681	2.0
5067.767391048382	2.0
5068.069427383077	2.0
5068.371437891406	1.0
5068.673422569006	3.0
5068.975381411518	3.0
5069.27731441458	3.0
5069.579221573831	3.0
5069.881102884911	2.0
5070.182958343458	4.0
5070.484787945112	4.0
5070.78659168551	3.0
5071.088369560292	3.0
5071.3901215650985	3.0
5071.691847695567	5.0
5071.993547947336	4.0
5072.295222316046	5.0
5072.596870797335	4.0
5072.898493386843	3.0
5073.200090080208	4.0
5073.501660873069	3.0
5073.803205761065	3.0
5074.1047247398365	3.0
5074.40621780502	2.0
5074.707684952257	0.0
5075.009126177185	1.0
5075.310541475444	1.0
5075.6119308426705	1.0
5075.913294274507	1.0
5076.214631766591	1.0
5076.515943314561	3.0
5076.817228914056	2.0
5077.118488560716	2.0
5077.41972225018	2.0
5077.720929978085	3.0
5078.0221117400715	2.0
5078.32326753178	2.0
5078.624397348847	2.0
5078.925501186913	2.0
5079.226579041615	2.0
5079.527630908596	2.0
5079.82865678349	2.0
5080.129656661939	1.0
5080.430630539583	2.0
5080.731578412058	0.0
5081.032500275006	2.0
5081.333396124063	2.0
5081.634265954871	3.0
5081.935109763066	3.0
5082.23592754429	2.0
5082.536719294179	2.0
5082.837485008376	2.0
5083.138224682515	2.0
5083.438938312239	3.0
5083.739625893185	2.0
5084.040287420993	1.0
5084.3409228913015	1.0
5084.641532299749	2.0
5084.942115641976	1.0
5085.2426729136205	1.0
5085.543204110321	2.0
5085.843709227718	2.0
5086.144188261449	4.0
5086.444641207155	4.0
5086.7450680604725	4.0
5087.045468817041	5.0
5087.345843472502	4.0
5087.646192022491	3.0
5087.946514462649	4.0
5088.246810788615	3.0
5088.547080996029	3.0
5088.847325080527	4.0
5089.14754303775	10.0
5089.447734863337	23.0
5089.747900552928	29.0
5090.04804010216	30.0
5090.348153506671	32.0
5090.648240762103	32.0
5090.948301864095	29.0
5091.248336808284	25.0
5091.548345590309	20.0
5091.8483282058105	9.0
5092.148284650427	4.0
5092.448214919797	3.0
5092.74811900956	2.0
5093.047996915354	2.0
5093.34784863282	2.0
5093.647674157595	2.0
5093.947473485319	2.0
5094.2472466116305	2.0
5094.546993532171	1.0
5094.846714242575	1.0
5095.146408738485	1.0
5095.446077015539	2.0
5095.745719069376	1.0
5096.0453348956335	2.0
5096.344924489953	3.0
5096.644487847973	1.0
5096.944024965331	1.0
5097.243535837667	1.0
5097.54302046062	1.0
5097.84247882983	0.0
5098.1419109409335	0.0
5098.441316789572	0.0
5098.740696371382	1.0
5099.040049682006	0.0
5099.33937671708	1.0
5099.638677472244	1.0
5099.937951943137	1.0
5100.237200125398	0.0
5100.536422014667	0.0
5100.83561760658	0.0
5101.13478689678	1.0
5101.433929880904	0.0
5101.733046554589	0.0
5102.032136913478	0.0
5102.331200953207	0.0
5102.630238669417	0.0
5102.929250057746	0.0
5103.228235113832	0.0
5103.527193833317	0.0
